! DOF
$bdyty
 RBDY3    118
$nodty
 NO6xx      1
$dofty  numbr [CT......+......AMP..*..cos.(..OMEGA.*.time.+.PHI..)]...*...[RAMPI.....+.....RAMP.*.time]
 vlocy      1  0.0000000e+00  0.0000000e+00  0.0000000e+00  0.0000000e+00  1.0000000e+00  0.0000000e+00
 vlocy      2  0.0000000e+00  0.0000000e+00  0.0000000e+00  0.0000000e+00  1.0000000e+00  0.0000000e+00
 vlocy      3  0.0000000e+00  0.0000000e+00  0.0000000e+00  0.0000000e+00  1.0000000e+00  0.0000000e+00
 vlocy      4  0.0000000e+00  0.0000000e+00  0.0000000e+00  0.0000000e+00  1.0000000e+00  0.0000000e+00
 vlocy      5  0.0000000e+00  0.0000000e+00  0.0000000e+00  0.0000000e+00  1.0000000e+00  0.0000000e+00
 vlocy      6  0.0000000e+00  0.0000000e+00  0.0000000e+00  0.0000000e+00  1.0000000e+00  0.0000000e+00
$$$$$$

$bdyty
 RBDY3    119
$nodty
 NO6xx      1
$dofty  numbr [CT......+......AMP..*..cos.(..OMEGA.*.time.+.PHI..)]...*...[RAMPI.....+.....RAMP.*.time]
 vlocy      1  0.0000000e+00  0.0000000e+00  0.0000000e+00  0.0000000e+00  1.0000000e+00  0.0000000e+00
 vlocy      2  0.0000000e+00  0.0000000e+00  0.0000000e+00  0.0000000e+00  1.0000000e+00  0.0000000e+00
 vlocy      3  0.0000000e+00  0.0000000e+00  0.0000000e+00  0.0000000e+00  1.0000000e+00  0.0000000e+00
 vlocy      4  0.0000000e+00  0.0000000e+00  0.0000000e+00  0.0000000e+00  1.0000000e+00  0.0000000e+00
 vlocy      5  0.0000000e+00  0.0000000e+00  0.0000000e+00  0.0000000e+00  1.0000000e+00  0.0000000e+00
 vlocy      6  0.0000000e+00  0.0000000e+00  0.0000000e+00  0.0000000e+00  1.0000000e+00  0.0000000e+00
$$$$$$

$bdyty
 RBDY3    120
$nodty
 NO6xx      1
$dofty  numbr [CT......+......AMP..*..cos.(..OMEGA.*.time.+.PHI..)]...*...[RAMPI.....+.....RAMP.*.time]
 vlocy      1  0.0000000e+00  0.0000000e+00  0.0000000e+00  0.0000000e+00  1.0000000e+00  0.0000000e+00
 vlocy      2  0.0000000e+00  0.0000000e+00  0.0000000e+00  0.0000000e+00  1.0000000e+00  0.0000000e+00
 vlocy      3  0.0000000e+00  0.0000000e+00  0.0000000e+00  0.0000000e+00  1.0000000e+00  0.0000000e+00
 vlocy      4  0.0000000e+00  0.0000000e+00  0.0000000e+00  0.0000000e+00  1.0000000e+00  0.0000000e+00
 vlocy      5  0.0000000e+00  0.0000000e+00  0.0000000e+00  0.0000000e+00  1.0000000e+00  0.0000000e+00
 vlocy      6  0.0000000e+00  0.0000000e+00  0.0000000e+00  0.0000000e+00  1.0000000e+00  0.0000000e+00
$$$$$$

$bdyty
 RBDY3    121
$nodty
 NO6xx      1
$dofty  numbr [CT......+......AMP..*..cos.(..OMEGA.*.time.+.PHI..)]...*...[RAMPI.....+.....RAMP.*.time]
 vlocy      1  0.0000000e+00  0.0000000e+00  0.0000000e+00  0.0000000e+00  1.0000000e+00  0.0000000e+00
 vlocy      2  0.0000000e+00  0.0000000e+00  0.0000000e+00  0.0000000e+00  1.0000000e+00  0.0000000e+00
 vlocy      3  0.0000000e+00  0.0000000e+00  0.0000000e+00  0.0000000e+00  1.0000000e+00  0.0000000e+00
 vlocy      4  0.0000000e+00  0.0000000e+00  0.0000000e+00  0.0000000e+00  1.0000000e+00  0.0000000e+00
 vlocy      5  0.0000000e+00  0.0000000e+00  0.0000000e+00  0.0000000e+00  1.0000000e+00  0.0000000e+00
 vlocy      6  0.0000000e+00  0.0000000e+00  0.0000000e+00  0.0000000e+00  1.0000000e+00  0.0000000e+00
$$$$$$

$bdyty
 RBDY3    122
$nodty
 NO6xx      1
$dofty  numbr [CT......+......AMP..*..cos.(..OMEGA.*.time.+.PHI..)]...*...[RAMPI.....+.....RAMP.*.time]
 vlocy      1  0.0000000e+00  0.0000000e+00  0.0000000e+00  0.0000000e+00  1.0000000e+00  0.0000000e+00
 vlocy      2  0.0000000e+00  0.0000000e+00  0.0000000e+00  0.0000000e+00  1.0000000e+00  0.0000000e+00
 vlocy      3  0.0000000e+00  0.0000000e+00  0.0000000e+00  0.0000000e+00  1.0000000e+00  0.0000000e+00
 vlocy      4  0.0000000e+00  0.0000000e+00  0.0000000e+00  0.0000000e+00  1.0000000e+00  0.0000000e+00
 vlocy      5  0.0000000e+00  0.0000000e+00  0.0000000e+00  0.0000000e+00  1.0000000e+00  0.0000000e+00
 vlocy      6  0.0000000e+00  0.0000000e+00  0.0000000e+00  0.0000000e+00  1.0000000e+00  0.0000000e+00
$$$$$$

      
