$bdyty                                                                  
 RBDY3    1
$nodty
 NO6xx      1
$dofty        [CT......+......AMP..*..cos.(..OMEGA.*.time.+.PHI..)]...*...[RAMPI.....+.....RAMP.*.time]
 vlocy      1  0.0000000D+00  0.0000000D+00  0.0000000D+00  0.0000000D+00  0.1000000D+01  0.0000000D+00
 vlocy      2  0.0000000D+00  0.0000000D+00  0.0000000D+00  0.0000000D+00  0.1000000D+01  0.0000000D+00
 vlocy      3  0.0000000D+00  0.0000000D+00  0.0000000D+00  0.0000000D+00  0.1000000D+01  0.0000000D+00
 vlocy      4  0.0000000D+00  0.0000000D+00  0.0000000D+00  0.0000000D+00  0.1000000D+01  0.0000000D+00
 vlocy      5  0.0000000D+00  0.0000000D+00  0.0000000D+00  0.0000000D+00  0.1000000D+01  0.0000000D+00
 vlocy      6  0.0000000D+00  0.0000000D+00  0.0000000D+00  0.0000000D+00  0.1000000D+01  0.0000000D+00
$$$$$$


$bdyty                                                                  
 RBDY3    2
$nodty
 NO6xx      1
$dofty        [CT......+......AMP..*..cos.(..OMEGA.*.time.+.PHI..)]...*...[RAMPI.....+.....RAMP.*.time]
 vlocy      1  0.0000000D+00  0.0000000D+00  0.0000000D+00  0.0000000D+00  0.1000000D+01  0.0000000D+00
 vlocy      2  0.0000000D+00  0.0000000D+00  0.0000000D+00  0.0000000D+00  0.1000000D+01  0.0000000D+00
 vlocy      3  0.0000000D+00  0.0000000D+00  0.0000000D+00  0.0000000D+00  0.1000000D+01  0.0000000D+00
 vlocy      4  0.0000000D+00  0.0000000D+00  0.0000000D+00  0.0000000D+00  0.1000000D+01  0.0000000D+00
 vlocy      5  0.0000000D+00  0.0000000D+00  0.0000000D+00  0.0000000D+00  0.1000000D+01  0.0000000D+00
 vlocy      6  0.0000000D+00  0.0000000D+00  0.0000000D+00  0.0000000D+00  0.1000000D+01  0.0000000D+00
$$$$$$


$bdyty                                                                  
 RBDY3    9
$nodty
 NO6xx      1
$dofty        [CT......+......AMP..*..cos.(..OMEGA.*.time.+.PHI..)]...*...[RAMPI.....+.....RAMP.*.time]
 vlocy      1  0.0000000D+00  0.0000000D+00  0.0000000D+00  0.0000000D+00  0.1000000D+01  0.0000000D+00
 vlocy      2  0.0000000D+00  0.0000000D+00  0.0000000D+00  0.0000000D+00  0.1000000D+01  0.0000000D+00
 vlocy      3  0.0000000D+00  0.0000000D+00  0.0000000D+00  0.0000000D+00  0.1000000D+01  0.0000000D+00
 vlocy      4  0.0000000D+00  0.0000000D+00  0.0000000D+00  0.0000000D+00  0.1000000D+01  0.0000000D+00
 vlocy      5  0.0000000D+00  0.0000000D+00  0.0000000D+00  0.0000000D+00  0.1000000D+01  0.0000000D+00
 vlocy      6  0.0000000D+00  0.0000000D+00  0.0000000D+00  0.0000000D+00  0.1000000D+01  0.0000000D+00
$$$$$$

$bdyty                                                                  
 RBDY3    10
$nodty
 NO6xx      1
$dofty        [CT......+......AMP..*..cos.(..OMEGA.*.time.+.PHI..)]...*...[RAMPI.....+.....RAMP.*.time]
 vlocy      1  0.0000000D+00  0.0000000D+00  0.0000000D+00  0.0000000D+00  0.1000000D+01  0.0000000D+00
 vlocy      2  0.0000000D+00  0.0000000D+00  0.0000000D+00  0.0000000D+00  0.1000000D+01  0.0000000D+00
 vlocy      3  0.0000000D+00  0.0000000D+00  0.0000000D+00  0.0000000D+00  0.1000000D+01  0.0000000D+00
 vlocy      4  0.0000000D+00  0.0000000D+00  0.0000000D+00  0.0000000D+00  0.1000000D+01  0.0000000D+00
 vlocy      5  0.0000000D+00  0.0000000D+00  0.0000000D+00  0.0000000D+00  0.1000000D+01  0.0000000D+00
 vlocy      6  0.0000000D+00  0.0000000D+00  0.0000000D+00  0.0000000D+00  0.1000000D+01  0.0000000D+00
$$$$$$

$bdyty                                                                  
 RBDY3    106
$nodty
 NO6xx      1
$dofty        [CT......+......AMP..*..cos.(..OMEGA.*.time.+.PHI..)]...*...[RAMPI.....+.....RAMP.*.time]
 vlocy      1  0.0000000D+00  0.0000000D+00  0.0000000D+00  0.0000000D+00  0.1000000D+01  0.0000000D+00
 vlocy      2  0.0000000D+00  0.0000000D+00  0.0000000D+00  0.0000000D+00  0.1000000D+01  0.0000000D+00
 vlocy      3 -0.1000000D+00  0.0000000D+00  0.0000000D+00  0.0000000D+00  0.1000000D+01  0.0000000D+00
 vlocy      4  0.0000000D+00  0.0000000D+00  0.0000000D+00  0.0000000D+00  0.1000000D+01  0.0000000D+00
 vlocy      5  0.0000000D+00  0.0000000D+00  0.0000000D+00  0.0000000D+00  0.1000000D+01  0.0000000D+00
 vlocy      6  0.0000000D+00  0.0000000D+00  0.0000000D+00  0.0000000D+00  0.1000000D+01  0.0000000D+00
$$$$$$