! DOF
$bdyty
 RBDY3      1
$nodty
 NO6xx      1
$dofty  numbr [CT......+......AMP..*..cos.(..OMEGA.*.time.+.PHI..)]...*...[RAMPI.....+.....RAMP.*.time]
 vlocy      1  0.0000000e+00  0.0000000e+00  0.0000000e+00  0.0000000e+00  1.0000000e+00  0.0000000e+00
 vlocy      2  0.0000000e+00  0.0000000e+00  0.0000000e+00  0.0000000e+00  1.0000000e+00  0.0000000e+00
 vlocy      3  0.0000000e+00  0.0000000e+00  0.0000000e+00  0.0000000e+00  1.0000000e+00  0.0000000e+00
 vlocy      4  0.0000000e+00  0.0000000e+00  0.0000000e+00  0.0000000e+00  1.0000000e+00  0.0000000e+00
 vlocy      5  0.0000000e+00  0.0000000e+00  0.0000000e+00  0.0000000e+00  1.0000000e+00  0.0000000e+00
 vlocy      6  0.0000000e+00  0.0000000e+00  0.0000000e+00  0.0000000e+00  1.0000000e+00  0.0000000e+00
$$$$$$

$bdyty
 RBDY3      2
$nodty
 NO6xx      1
$dofty  numbr [CT......+......AMP..*..cos.(..OMEGA.*.time.+.PHI..)]...*...[RAMPI.....+.....RAMP.*.time]
 vlocy      1  0.0000000e+00  0.0000000e+00  0.0000000e+00  0.0000000e+00  1.0000000e+00  0.0000000e+00
 vlocy      2  0.0000000e+00  0.0000000e+00  0.0000000e+00  0.0000000e+00  1.0000000e+00  0.0000000e+00
 vlocy      3  0.0000000e+00  0.0000000e+00  0.0000000e+00  0.0000000e+00  1.0000000e+00  0.0000000e+00
 vlocy      4  0.0000000e+00  0.0000000e+00  0.0000000e+00  0.0000000e+00  1.0000000e+00  0.0000000e+00
 vlocy      5  0.0000000e+00  0.0000000e+00  0.0000000e+00  0.0000000e+00  1.0000000e+00  0.0000000e+00
 vlocy      6  0.0000000e+00  0.0000000e+00  0.0000000e+00  0.0000000e+00  1.0000000e+00  0.0000000e+00
$$$$$$

$bdyty
 RBDY3      3
$nodty
 NO6xx      1
$dofty  numbr [CT......+......AMP..*..cos.(..OMEGA.*.time.+.PHI..)]...*...[RAMPI.....+.....RAMP.*.time]
 vlocy      1  0.0000000e+00  0.0000000e+00  0.0000000e+00  0.0000000e+00  1.0000000e+00  0.0000000e+00
 vlocy      2  0.0000000e+00  0.0000000e+00  0.0000000e+00  0.0000000e+00  1.0000000e+00  0.0000000e+00
 vlocy      3  0.0000000e+00  0.0000000e+00  0.0000000e+00  0.0000000e+00  1.0000000e+00  0.0000000e+00
 vlocy      4  0.0000000e+00  0.0000000e+00  0.0000000e+00  0.0000000e+00  1.0000000e+00  0.0000000e+00
 vlocy      5  0.0000000e+00  0.0000000e+00  0.0000000e+00  0.0000000e+00  1.0000000e+00  0.0000000e+00
 vlocy      6  0.0000000e+00  0.0000000e+00  0.0000000e+00  0.0000000e+00  1.0000000e+00  0.0000000e+00
$$$$$$

$bdyty
 RBDY3      4
$nodty
 NO6xx      1
$dofty  numbr [CT......+......AMP..*..cos.(..OMEGA.*.time.+.PHI..)]...*...[RAMPI.....+.....RAMP.*.time]
 vlocy      1  0.0000000e+00  0.0000000e+00  0.0000000e+00  0.0000000e+00  1.0000000e+00  0.0000000e+00
 vlocy      2  0.0000000e+00  0.0000000e+00  0.0000000e+00  0.0000000e+00  1.0000000e+00  0.0000000e+00
 vlocy      3  0.0000000e+00  0.0000000e+00  0.0000000e+00  0.0000000e+00  1.0000000e+00  0.0000000e+00
 vlocy      4  0.0000000e+00  0.0000000e+00  0.0000000e+00  0.0000000e+00  1.0000000e+00  0.0000000e+00
 vlocy      5  0.0000000e+00  0.0000000e+00  0.0000000e+00  0.0000000e+00  1.0000000e+00  0.0000000e+00
 vlocy      6  0.0000000e+00  0.0000000e+00  0.0000000e+00  0.0000000e+00  1.0000000e+00  0.0000000e+00
$$$$$$

$bdyty
 RBDY3      5
$nodty
 NO6xx      1
$dofty  numbr [CT......+......AMP..*..cos.(..OMEGA.*.time.+.PHI..)]...*...[RAMPI.....+.....RAMP.*.time]
 vlocy      1  0.0000000e+00  0.0000000e+00  0.0000000e+00  0.0000000e+00  1.0000000e+00  0.0000000e+00
 vlocy      2  0.0000000e+00  0.0000000e+00  0.0000000e+00  0.0000000e+00  1.0000000e+00  0.0000000e+00
 vlocy      3  0.0000000e+00  0.0000000e+00  0.0000000e+00  0.0000000e+00  1.0000000e+00  0.0000000e+00
 vlocy      4  0.0000000e+00  0.0000000e+00  0.0000000e+00  0.0000000e+00  1.0000000e+00  0.0000000e+00
 vlocy      5  0.0000000e+00  0.0000000e+00  0.0000000e+00  0.0000000e+00  1.0000000e+00  0.0000000e+00
 vlocy      6  0.0000000e+00  0.0000000e+00  0.0000000e+00  0.0000000e+00  1.0000000e+00  0.0000000e+00
$$$$$$

$bdyty
 RBDY3      6
$nodty
 NO6xx      1
$dofty  numbr [CT......+......AMP..*..cos.(..OMEGA.*.time.+.PHI..)]...*...[RAMPI.....+.....RAMP.*.time]
 vlocy      1  0.0000000e+00  0.0000000e+00  0.0000000e+00  0.0000000e+00  1.0000000e+00  0.0000000e+00
 vlocy      2  0.0000000e+00  0.0000000e+00  0.0000000e+00  0.0000000e+00  1.0000000e+00  0.0000000e+00
 vlocy      3  0.0000000e+00  0.0000000e+00  0.0000000e+00  0.0000000e+00  1.0000000e+00  0.0000000e+00
 vlocy      4  0.0000000e+00  0.0000000e+00  0.0000000e+00  0.0000000e+00  1.0000000e+00  0.0000000e+00
 vlocy      5  0.0000000e+00  0.0000000e+00  0.0000000e+00  0.0000000e+00  1.0000000e+00  0.0000000e+00
 vlocy      6  0.0000000e+00  0.0000000e+00  0.0000000e+00  0.0000000e+00  1.0000000e+00  0.0000000e+00
$$$$$$

$bdyty
 RBDY3      7
$nodty
 NO6xx      1
$dofty  numbr [CT......+......AMP..*..cos.(..OMEGA.*.time.+.PHI..)]...*...[RAMPI.....+.....RAMP.*.time]
 vlocy      1  0.0000000e+00  0.0000000e+00  0.0000000e+00  0.0000000e+00  1.0000000e+00  0.0000000e+00
 vlocy      2  0.0000000e+00  0.0000000e+00  0.0000000e+00  0.0000000e+00  1.0000000e+00  0.0000000e+00
 vlocy      3  0.0000000e+00  0.0000000e+00  0.0000000e+00  0.0000000e+00  1.0000000e+00  0.0000000e+00
 vlocy      4  0.0000000e+00  0.0000000e+00  0.0000000e+00  0.0000000e+00  1.0000000e+00  0.0000000e+00
 vlocy      5  0.0000000e+00  0.0000000e+00  0.0000000e+00  0.0000000e+00  1.0000000e+00  0.0000000e+00
 vlocy      6  0.0000000e+00  0.0000000e+00  0.0000000e+00  0.0000000e+00  1.0000000e+00  0.0000000e+00
$$$$$$

$bdyty
 RBDY3      8
$nodty
 NO6xx      1
$dofty  numbr [CT......+......AMP..*..cos.(..OMEGA.*.time.+.PHI..)]...*...[RAMPI.....+.....RAMP.*.time]
 vlocy      1  0.0000000e+00  0.0000000e+00  0.0000000e+00  0.0000000e+00  1.0000000e+00  0.0000000e+00
 vlocy      2  0.0000000e+00  0.0000000e+00  0.0000000e+00  0.0000000e+00  1.0000000e+00  0.0000000e+00
 vlocy      3  0.0000000e+00  0.0000000e+00  0.0000000e+00  0.0000000e+00  1.0000000e+00  0.0000000e+00
 vlocy      4  0.0000000e+00  0.0000000e+00  0.0000000e+00  0.0000000e+00  1.0000000e+00  0.0000000e+00
 vlocy      5  0.0000000e+00  0.0000000e+00  0.0000000e+00  0.0000000e+00  1.0000000e+00  0.0000000e+00
 vlocy      6  0.0000000e+00  0.0000000e+00  0.0000000e+00  0.0000000e+00  1.0000000e+00  0.0000000e+00
$$$$$$

      
