! DOF
$bdyty
 RBDY3      1
$nodty
 NO6xx      1
$dofty  numbr [CT......+......AMP..*..cos.(..OMEGA.*.time.+.PHI..)]...*...[RAMPI.....+.....RAMP.*.time]
 vlocy      1  0.0000000e+00  0.0000000e+00  0.0000000e+00  0.0000000e+00  1.0000000e+00  0.0000000e+00
 vlocy      2  0.0000000e+00  0.0000000e+00  0.0000000e+00  0.0000000e+00  1.0000000e+00  0.0000000e+00
 vlocy      3  0.0000000e+00  0.0000000e+00  0.0000000e+00  0.0000000e+00  1.0000000e+00  0.0000000e+00
 vlocy      4  0.0000000e+00  0.0000000e+00  0.0000000e+00  0.0000000e+00  1.0000000e+00  0.0000000e+00
 vlocy      5  0.0000000e+00  0.0000000e+00  0.0000000e+00  0.0000000e+00  1.0000000e+00  0.0000000e+00
 vlocy      6  0.0000000e+00  0.0000000e+00  0.0000000e+00  0.0000000e+00  1.0000000e+00  0.0000000e+00
$$$$$$

$bdyty
 RBDY3     20
$nodty
 NO6xx      1
$dofty  numbr [CT......+......AMP..*..cos.(..OMEGA.*.time.+.PHI..)]...*...[RAMPI.....+.....RAMP.*.time]
 vlocy      1  0.0000000e+00  0.0000000e+00  0.0000000e+00  0.0000000e+00  1.0000000e+00  0.0000000e+00
 vlocy      2  0.0000000e+00  0.0000000e+00  0.0000000e+00  0.0000000e+00  1.0000000e+00  0.0000000e+00
 vlocy      3  0.0000000e+00  0.0000000e+00  0.0000000e+00  0.0000000e+00  1.0000000e+00  0.0000000e+00
 vlocy      4  0.0000000e+00  0.0000000e+00  0.0000000e+00  0.0000000e+00  1.0000000e+00  0.0000000e+00
 vlocy      5  0.0000000e+00  0.0000000e+00  0.0000000e+00  0.0000000e+00  1.0000000e+00  0.0000000e+00
 vlocy      6  0.0000000e+00  0.0000000e+00  0.0000000e+00  0.0000000e+00  1.0000000e+00  0.0000000e+00
$$$$$$

$bdyty
 RBDY3     21
$nodty
 NO6xx      1
$dofty  numbr [CT......+......AMP..*..cos.(..OMEGA.*.time.+.PHI..)]...*...[RAMPI.....+.....RAMP.*.time]
 vlocy      1  0.0000000e+00  0.0000000e+00  0.0000000e+00  0.0000000e+00  1.0000000e+00  0.0000000e+00
 vlocy      2  0.0000000e+00  0.0000000e+00  0.0000000e+00  0.0000000e+00  1.0000000e+00  0.0000000e+00
 vlocy      3  0.0000000e+00  0.0000000e+00  0.0000000e+00  0.0000000e+00  1.0000000e+00  0.0000000e+00
 vlocy      4  0.0000000e+00  0.0000000e+00  0.0000000e+00  0.0000000e+00  1.0000000e+00  0.0000000e+00
 vlocy      5  0.0000000e+00  0.0000000e+00  0.0000000e+00  0.0000000e+00  1.0000000e+00  0.0000000e+00
 vlocy      6  0.0000000e+00  0.0000000e+00  0.0000000e+00  0.0000000e+00  1.0000000e+00  0.0000000e+00
$$$$$$

$bdyty
 RBDY3     40
$nodty
 NO6xx      1
$dofty  numbr [CT......+......AMP..*..cos.(..OMEGA.*.time.+.PHI..)]...*...[RAMPI.....+.....RAMP.*.time]
 vlocy      1  0.0000000e+00  0.0000000e+00  0.0000000e+00  0.0000000e+00  1.0000000e+00  0.0000000e+00
 vlocy      2  0.0000000e+00  0.0000000e+00  0.0000000e+00  0.0000000e+00  1.0000000e+00  0.0000000e+00
 vlocy      3  0.0000000e+00  0.0000000e+00  0.0000000e+00  0.0000000e+00  1.0000000e+00  0.0000000e+00
 vlocy      4  0.0000000e+00  0.0000000e+00  0.0000000e+00  0.0000000e+00  1.0000000e+00  0.0000000e+00
 vlocy      5  0.0000000e+00  0.0000000e+00  0.0000000e+00  0.0000000e+00  1.0000000e+00  0.0000000e+00
 vlocy      6  0.0000000e+00  0.0000000e+00  0.0000000e+00  0.0000000e+00  1.0000000e+00  0.0000000e+00
$$$$$$

$bdyty
 RBDY3     41
$nodty
 NO6xx      1
$dofty  numbr [CT......+......AMP..*..cos.(..OMEGA.*.time.+.PHI..)]...*...[RAMPI.....+.....RAMP.*.time]
 vlocy      1  0.0000000e+00  0.0000000e+00  0.0000000e+00  0.0000000e+00  1.0000000e+00  0.0000000e+00
 vlocy      2  0.0000000e+00  0.0000000e+00  0.0000000e+00  0.0000000e+00  1.0000000e+00  0.0000000e+00
 vlocy      3  0.0000000e+00  0.0000000e+00  0.0000000e+00  0.0000000e+00  1.0000000e+00  0.0000000e+00
 vlocy      4  0.0000000e+00  0.0000000e+00  0.0000000e+00  0.0000000e+00  1.0000000e+00  0.0000000e+00
 vlocy      5  0.0000000e+00  0.0000000e+00  0.0000000e+00  0.0000000e+00  1.0000000e+00  0.0000000e+00
 vlocy      6  0.0000000e+00  0.0000000e+00  0.0000000e+00  0.0000000e+00  1.0000000e+00  0.0000000e+00
$$$$$$

$bdyty
 RBDY3     60
$nodty
 NO6xx      1
$dofty  numbr [CT......+......AMP..*..cos.(..OMEGA.*.time.+.PHI..)]...*...[RAMPI.....+.....RAMP.*.time]
 vlocy      1  0.0000000e+00  0.0000000e+00  0.0000000e+00  0.0000000e+00  1.0000000e+00  0.0000000e+00
 vlocy      2  0.0000000e+00  0.0000000e+00  0.0000000e+00  0.0000000e+00  1.0000000e+00  0.0000000e+00
 vlocy      3  0.0000000e+00  0.0000000e+00  0.0000000e+00  0.0000000e+00  1.0000000e+00  0.0000000e+00
 vlocy      4  0.0000000e+00  0.0000000e+00  0.0000000e+00  0.0000000e+00  1.0000000e+00  0.0000000e+00
 vlocy      5  0.0000000e+00  0.0000000e+00  0.0000000e+00  0.0000000e+00  1.0000000e+00  0.0000000e+00
 vlocy      6  0.0000000e+00  0.0000000e+00  0.0000000e+00  0.0000000e+00  1.0000000e+00  0.0000000e+00
$$$$$$

$bdyty
 RBDY3     61
$nodty
 NO6xx      1
$dofty  numbr [CT......+......AMP..*..cos.(..OMEGA.*.time.+.PHI..)]...*...[RAMPI.....+.....RAMP.*.time]
 vlocy      1  0.0000000e+00  0.0000000e+00  0.0000000e+00  0.0000000e+00  1.0000000e+00  0.0000000e+00
 vlocy      2  0.0000000e+00  0.0000000e+00  0.0000000e+00  0.0000000e+00  1.0000000e+00  0.0000000e+00
 vlocy      3  0.0000000e+00  0.0000000e+00  0.0000000e+00  0.0000000e+00  1.0000000e+00  0.0000000e+00
 vlocy      4  0.0000000e+00  0.0000000e+00  0.0000000e+00  0.0000000e+00  1.0000000e+00  0.0000000e+00
 vlocy      5  0.0000000e+00  0.0000000e+00  0.0000000e+00  0.0000000e+00  1.0000000e+00  0.0000000e+00
 vlocy      6  0.0000000e+00  0.0000000e+00  0.0000000e+00  0.0000000e+00  1.0000000e+00  0.0000000e+00
$$$$$$

$bdyty
 RBDY3     89
$nodty
 NO6xx      1
$dofty  numbr [CT......+......AMP..*..cos.(..OMEGA.*.time.+.PHI..)]...*...[RAMPI.....+.....RAMP.*.time]
 vlocy      1  0.0000000e+00  0.0000000e+00  0.0000000e+00  0.0000000e+00  1.0000000e+00  0.0000000e+00
 vlocy      2  0.0000000e+00  0.0000000e+00  0.0000000e+00  0.0000000e+00  1.0000000e+00  0.0000000e+00
 vlocy      3  0.0000000e+00  0.0000000e+00  0.0000000e+00  0.0000000e+00  1.0000000e+00  0.0000000e+00
 vlocy      4  0.0000000e+00  0.0000000e+00  0.0000000e+00  0.0000000e+00  1.0000000e+00  0.0000000e+00
 vlocy      5  0.0000000e+00  0.0000000e+00  0.0000000e+00  0.0000000e+00  1.0000000e+00  0.0000000e+00
 vlocy      6  0.0000000e+00  0.0000000e+00  0.0000000e+00  0.0000000e+00  1.0000000e+00  0.0000000e+00
$$$$$$

$bdyty
 RBDY3     90
$nodty
 NO6xx      1
$dofty  numbr [CT......+......AMP..*..cos.(..OMEGA.*.time.+.PHI..)]...*...[RAMPI.....+.....RAMP.*.time]
 vlocy      1  0.0000000e+00  0.0000000e+00  0.0000000e+00  0.0000000e+00  1.0000000e+00  0.0000000e+00
 vlocy      2  0.0000000e+00  0.0000000e+00  0.0000000e+00  0.0000000e+00  1.0000000e+00  0.0000000e+00
 vlocy      3  0.0000000e+00  0.0000000e+00  0.0000000e+00  0.0000000e+00  1.0000000e+00  0.0000000e+00
 vlocy      4  0.0000000e+00  0.0000000e+00  0.0000000e+00  0.0000000e+00  1.0000000e+00  0.0000000e+00
 vlocy      5  0.0000000e+00  0.0000000e+00  0.0000000e+00  0.0000000e+00  1.0000000e+00  0.0000000e+00
 vlocy      6  0.0000000e+00  0.0000000e+00  0.0000000e+00  0.0000000e+00  1.0000000e+00  0.0000000e+00
$$$$$$

      
