 1.00000000E-03     2800 -3.7177315E-01  7.3670559E-01  9.9272303E-01      860
 2.00000000E-03     1250 -3.9657102E-01  6.8526418E-01  9.6127630E-01      860
 3.00000000E-03       50  5.0070374E-01  9.3532203E-01  9.3140703E-01      860
 4.00000000E-03      200  5.9272089E-01  7.5908655E-01  9.0745137E-01      860
 5.00000000E-03      100  5.2601252E-01  5.8923840E-01  9.0620546E-01      860
 6.00000000E-03      150  4.0713248E-01  6.3836689E-01  9.6942910E-01      860
 7.00000000E-03      250  3.3113355E-01  6.9861137E-01  9.7438233E-01      860
 8.00000000E-03      100  3.0776734E-01  7.0761109E-01  9.6847807E-01      860
 9.00000000E-03       50  1.0556267E-01  6.6335956E-01  8.0914347E-01      860
 1.00000000E-02       50 -1.2750160E-01  6.3798457E-01  6.5544056E-01      860
 1.10000000E-02       50 -1.9117995E-01  5.3617837E-01  5.4718302E-01      860
 1.20000000E-02       50 -1.5637991E-01  3.4472152E-01  3.6207737E-01      860
 1.30000000E-02       50 -8.8458547E-02  1.4027915E-01  1.7610387E-01      860
 1.40000000E-02       50 -3.0021551E-02  1.5148159E-01  1.9541554E-01      860
 1.50000000E-02       50  6.6412013E-04  3.0612600E-01  3.4868085E-01      860
 1.60000000E-02       50 -3.5122056E-03  4.2325647E-01  4.8018801E-01      860
 1.70000000E-02       50 -4.0859205E-02  4.8895758E-01  5.7116335E-01      860
 1.80000000E-02       50 -1.0131597E-01  5.1020779E-01  6.2765567E-01      860
 1.90000000E-02       50 -1.7032910E-01  5.0143260E-01  6.5970553E-01      860
 2.00000000E-02       50 -2.3285386E-01  4.7767721E-01  6.7389175E-01      860
 2.10000000E-02       50 -2.7613765E-01  4.4596968E-01  6.6620955E-01      860
 2.20000000E-02       50 -2.9138347E-01  4.0511334E-01  6.2578661E-01      860
 2.30000000E-02       50 -2.7589682E-01  3.5051945E-01  5.5043803E-01      860
 2.40000000E-02       50 -2.3151123E-01  2.7986759E-01  4.4064696E-01      860
 2.50000000E-02       50 -1.6415082E-01  1.9613181E-01  3.0295598E-01      860
 2.60000000E-02       50 -8.3167866E-02  1.1245742E-01  1.6009393E-01      860
 2.70000000E-02       50  1.3775202E-03  8.0185771E-02  1.0013303E-01      860
 2.80000000E-02       50  8.0069183E-02  1.3786805E-01  2.0658237E-01      860
 2.90000000E-02       50  1.4563128E-01  2.1003283E-01  3.2650830E-01      860
 3.00000000E-02       50  1.9337180E-01  2.7028980E-01  4.2367457E-01      860
 3.10000000E-02       50  2.2122909E-01  3.1272570E-01  4.8925459E-01      860
 3.20000000E-02       50  2.2952863E-01  3.3685131E-01  5.2194066E-01      860
 3.30000000E-02       50  2.2031042E-01  3.4597831E-01  5.2402502E-01      860
 3.40000000E-02       50  1.9129676E-01  4.3416911E-01  5.8198394E-01      860
 3.50000000E-02       50  1.5309534E-01  4.8893197E-01  6.1016518E-01      860
 3.60000000E-02       50  1.1447848E-01  4.4499268E-01  5.3249016E-01      860
 3.70000000E-02       50  7.4435901E-02  3.9031925E-01  4.6040548E-01      860
 3.80000000E-02       50  3.9481800E-02  2.1083951E-01  2.4949984E-01      860
 3.90000000E-02       50  9.0668445E-03  2.3569510E-01  2.4811612E-01      860
 4.00000000E-02       50 -1.4774913E-02  1.9818655E-01  2.0696031E-01      860
 4.10000000E-02       50 -3.6110223E-02  1.5524201E-01  1.7783050E-01      860
 4.20000000E-02       50 -5.6938442E-02  1.5504907E-01  1.9903026E-01      860
 4.30000000E-02       50 -7.6149233E-02  1.7848366E-01  2.4431033E-01      860
 4.40000000E-02       50 -9.3340936E-02  2.1386193E-01  2.9626057E-01      860
 4.50000000E-02       50 -1.0807485E-01  2.6028462E-01  3.5285490E-01      860
 4.60000000E-02       50 -1.2033118E-01  3.0757305E-01  4.1062452E-01      860
 4.70000000E-02       50 -1.2593241E-01  3.5167892E-01  4.4578014E-01      860
 4.80000000E-02       50 -1.2477189E-01  3.2957676E-01  4.2061307E-01      860
 4.90000000E-02       50 -1.1721681E-01  2.7904731E-01  3.6500479E-01      860
 5.00000000E-02       50 -1.0372016E-01  2.3310733E-01  3.0792289E-01      860
 5.10000000E-02       50 -8.4294589E-02  1.8586230E-01  2.4805408E-01      860
 5.20000000E-02       50 -5.9773640E-02  1.4672478E-01  1.9122382E-01      860
 5.30000000E-02       50 -3.1606129E-02  1.2828842E-01  1.5408483E-01      860
 5.40000000E-02       50 -1.9691038E-03  1.3218561E-01  1.4946159E-01      860
 5.50000000E-02       50  2.6789743E-02  1.4511538E-01  1.6807131E-01      860
 5.60000000E-02       50  5.2385979E-02  1.5565965E-01  1.9177135E-01      860
 5.70000000E-02       50  7.3109016E-02  1.6296446E-01  2.1631882E-01      860
 5.80000000E-02       50  8.7744559E-02  1.7146165E-01  2.4006221E-01      860
 5.90000000E-02       50  9.6146403E-02  1.8020808E-01  2.5756146E-01      860
 6.00000000E-02       50  9.8468073E-02  1.8339370E-01  2.6364510E-01      860
 6.10000000E-02       50  9.5300769E-02  1.8143147E-01  2.5868095E-01      860
 6.20000000E-02       50  8.8484368E-02  1.7571045E-01  2.4517316E-01      860
 6.30000000E-02       50  7.6948722E-02  1.6180426E-01  2.2011143E-01      860
 6.40000000E-02       50  6.0140343E-02  1.3652209E-01  1.8187262E-01      860
 6.50000000E-02       50  4.3219204E-02  1.0703700E-01  1.3851723E-01      860
 6.60000000E-02       50  2.5140025E-02  7.6462035E-02  9.3455197E-02      860
 6.70000000E-02       50  6.5553504E-03  4.8107413E-02  5.2054400E-02      860
 6.80000000E-02       50 -1.1526882E-02  3.3691671E-02  3.9731884E-02      860
 6.90000000E-02       50 -2.7831682E-02  4.7837488E-02  7.0424390E-02      860
 7.00000000E-02       50 -4.1434823E-02  7.2628258E-02  1.0747983E-01      860
 7.10000000E-02       50 -5.1970672E-02  9.6123812E-02  1.3964553E-01      860
 7.20000000E-02       50 -5.9165736E-02  1.1441062E-01  1.6355769E-01      860
 7.30000000E-02       50 -6.2975843E-02  1.2593189E-01  1.7823973E-01      860
 7.40000000E-02       50 -6.3829216E-02  1.3071559E-01  1.8338472E-01      860
 7.50000000E-02       50 -6.2787649E-02  1.2931725E-01  1.8010363E-01      860
 7.60000000E-02       50 -5.7659295E-02  1.2246956E-01  1.6856792E-01      860
 7.70000000E-02       50 -4.9756450E-02  1.1196498E-01  1.5107441E-01      860
 7.80000000E-02       50 -3.9819986E-02  9.7836028E-02  1.2877228E-01      860
 7.90000000E-02       50 -2.7687366E-02  8.0971746E-02  1.0398700E-01      860
 8.00000000E-02       50 -1.4548421E-02  6.4933038E-02  8.1601406E-02      860
 8.10000000E-02       50 -1.1570856E-03  5.5096024E-02  6.9765702E-02      860
 8.20000000E-02       50  1.1740447E-02  5.5638170E-02  7.4476379E-02      860
 8.30000000E-02       50  2.3411163E-02  6.4989790E-02  9.1051892E-02      860
 8.40000000E-02       50  3.3229656E-02  8.0724543E-02  1.1261111E-01      860
 8.50000000E-02       50  4.0729905E-02  9.8558597E-02  1.3367664E-01      860
 8.60000000E-02       50  4.5725303E-02  1.1089687E-01  1.4764884E-01      860
 8.70000000E-02       50  4.8173551E-02  1.1650258E-01  1.5284678E-01      860
 8.80000000E-02       50  4.8131011E-02  1.1608480E-01  1.5047220E-01      860
 8.90000000E-02       50  4.5709878E-02  1.0981373E-01  1.4127494E-01      860
 9.00000000E-02       50  4.1040897E-02  9.7559056E-02  1.2555325E-01      860
 9.10000000E-02       50  3.4378689E-02  8.0067214E-02  1.0376507E-01      860
 9.20000000E-02       50  2.6123328E-02  5.8758424E-02  7.7425437E-02      860
 9.30000000E-02       50  1.6848932E-02  3.6061124E-02  4.9067344E-02      860
 9.40000000E-02       50  7.1403603E-03  1.5582737E-02  2.1553434E-02      860
 9.50000000E-02       50 -2.4008838E-03  1.3420943E-02  1.3184737E-02      860
 9.60000000E-02       50 -1.1232538E-02  2.7527733E-02  3.4053143E-02      860
 9.70000000E-02       50 -1.8914108E-02  4.0045877E-02  5.3917806E-02      860
 9.80000000E-02       50 -2.5114421E-02  4.9793231E-02  7.0376635E-02      860
 9.90000000E-02       50 -2.9613547E-02  5.7354239E-02  8.3235400E-02      860
 1.00000000E-01       50 -3.2371193E-02  6.3117546E-02  9.2751378E-02      860
 1.01000000E-01       50 -3.3362190E-02  6.7146940E-02  9.8237703E-02      860
 1.02000000E-01       50 -3.2697238E-02  6.9892233E-02  1.0012572E-01      860
 1.03000000E-01       50 -3.0524608E-02  7.2292324E-02  9.9259645E-02      860
 1.04000000E-01       50 -2.7052706E-02  7.5097633E-02  9.6640409E-02      860
 1.05000000E-01       50 -2.2467294E-02  7.8961241E-02  9.4471747E-02      860
 1.06000000E-01       50 -1.7049379E-02  8.3266171E-02  9.3548504E-02      860
 1.07000000E-01       50 -1.1152152E-02  8.3452906E-02  8.9204588E-02      860
 1.08000000E-01       50 -4.9876195E-03  7.6383702E-02  8.0544647E-02      860
 1.09000000E-01       50  1.0908061E-03  6.4254019E-02  7.0368073E-02      860
 1.10000000E-01       50  6.8868106E-03  5.3531664E-02  6.3682429E-02      860
 1.11000000E-01       50  1.2154048E-02  4.8068844E-02  6.2717888E-02      860
 1.12000000E-01       50  1.6711581E-02  4.8865745E-02  6.6194964E-02      860
 1.13000000E-01       50  2.0321091E-02  5.2234128E-02  7.0498045E-02      860
 1.14000000E-01       50  2.2802054E-02  5.4159493E-02  7.2708602E-02      860
 1.15000000E-01       50  2.3764167E-02  5.3221345E-02  7.1655317E-02      860
 1.16000000E-01       50  2.3330717E-02  5.0686823E-02  6.7995523E-02      860
 1.17000000E-01       50  2.1465402E-02  4.8177493E-02  6.2714270E-02      860
 1.18000000E-01       50  1.8280466E-02  4.5682516E-02  5.6168643E-02      860
 1.19000000E-01       50  1.4076328E-02  4.1530105E-02  4.8007246E-02      860
 1.20000000E-01       50  9.2430232E-03  3.4594771E-02  3.7772676E-02      860
 1.21000000E-01       50  4.2051974E-03  2.5054337E-02  2.5864123E-02      860
 1.22000000E-01       50 -6.2015745E-04  1.5363049E-02  1.6408119E-02      860
 1.23000000E-01       50 -4.9386400E-03  1.5996229E-02  2.0101430E-02      860
 1.24000000E-01       50 -8.5456348E-03  2.6735391E-02  3.2410850E-02      860
 1.25000000E-01       50 -1.1335112E-02  3.7415060E-02  4.4259967E-02      860
 1.26000000E-01       50 -1.3288476E-02  4.4910801E-02  5.3080793E-02      860
 1.27000000E-01       50 -1.4402560E-02  4.8636199E-02  5.8330112E-02      860
 1.28000000E-01       50 -1.4703610E-02  4.8972351E-02  6.0253020E-02      860
 1.29000000E-01       50 -1.4298145E-02  4.7204547E-02  5.9870633E-02      860
 1.30000000E-01       50 -1.3168661E-02  4.4339031E-02  5.7950980E-02      860
 1.31000000E-01       50 -1.1620980E-02  4.1854288E-02  5.5512170E-02      860
 1.32000000E-01       50 -9.4522703E-03  4.0172594E-02  5.3089574E-02      860
 1.33000000E-01       50 -6.8439417E-03  3.8734743E-02  5.0667530E-02      860
 1.34000000E-01       50 -3.9282326E-03  3.6506562E-02  4.7986590E-02      860
 1.35000000E-01       50 -8.7955833E-04  3.4945285E-02  4.6096349E-02      860
 1.36000000E-01       50  2.1363124E-03  3.7185784E-02  4.7013860E-02      860
 1.37000000E-01       50  4.9580594E-03  4.2811126E-02  5.0722973E-02      860
 1.38000000E-01       50  7.4702993E-03  4.8639770E-02  5.5097605E-02      860
 1.39000000E-01       50  9.5534454E-03  5.2712383E-02  5.8033659E-02      860
 1.40000000E-01       50  1.1099386E-02  5.3866086E-02  5.8535799E-02      860
 1.41000000E-01       50  1.2014748E-02  5.1721670E-02  5.6190095E-02      860
 1.42000000E-01       50  1.2208985E-02  4.6258518E-02  5.0974107E-02      860
 1.43000000E-01       50  1.1685023E-02  3.8229641E-02  4.3411153E-02      860
 1.44000000E-01       50  1.0484188E-02  2.8879607E-02  3.4500621E-02      860
 1.45000000E-01       50  8.7200452E-03  1.9541287E-02  2.5333803E-02      860
 1.46000000E-01       50  6.5443409E-03  1.2098793E-02  1.7356486E-02      860
 1.47000000E-01       50  4.1307789E-03  9.9250757E-03  1.2935624E-02      860
 1.48000000E-01       50  1.6516624E-03  1.3226982E-02  1.4060855E-02      860
 1.49000000E-01       50 -7.3888919E-04  1.7542873E-02  1.8521091E-02      860
 1.50000000E-01       50 -2.9151948E-03  2.1649125E-02  2.3977902E-02      860
 1.51000000E-01       50 -4.7829428E-03  2.5647606E-02  2.9612698E-02      860
 1.52000000E-01       50 -6.2777589E-03  2.9682399E-02  3.5067651E-02      860
 1.53000000E-01       50 -7.3677189E-03  3.3646012E-02  4.0076493E-02      860
 1.54000000E-01       50 -8.0504150E-03  3.7466635E-02  4.4358743E-02      860
 1.55000000E-01       50 -8.3132317E-03  4.0532855E-02  4.7578517E-02      860
 1.56000000E-01       50 -8.1952359E-03  4.2374180E-02  4.9417336E-02      860
 1.57000000E-01       50 -7.7319389E-03  4.2236915E-02  4.9555383E-02      860
 1.58000000E-01       50 -6.9706008E-03  4.0402978E-02  4.8015316E-02      860
 1.59000000E-01       50 -5.9440450E-03  3.6898925E-02  4.5005303E-02      860
 1.60000000E-01       50 -4.7152757E-03  3.2416348E-02  4.1126193E-02      860
 1.61000000E-01       50 -3.3376684E-03  2.8307423E-02  3.7370375E-02      860
 1.62000000E-01       50 -1.8646685E-03  2.5640233E-02  3.4406680E-02      860
 1.63000000E-01       50 -3.6644509E-04  2.4509178E-02  3.2317751E-02      860
 1.64000000E-01       50  1.0870641E-03  2.4022503E-02  3.0645951E-02      860
 1.65000000E-01       50  2.4159409E-03  2.3069543E-02  2.8752916E-02      860
 1.66000000E-01       50  3.5413613E-03  2.1088822E-02  2.6253253E-02      860
 1.67000000E-01       50  4.3837830E-03  1.8387169E-02  2.3298196E-02      860
 1.68000000E-01       50  4.8832886E-03  1.5953936E-02  2.0457189E-02      860
 1.69000000E-01       50  5.0078575E-03  1.4736318E-02  1.8345733E-02      860
 1.70000000E-01       50  4.7668293E-03  1.4361205E-02  1.6813823E-02      860
 1.71000000E-01       50  4.2168426E-03  1.3651413E-02  1.5294356E-02      860
 1.72000000E-01       50  3.4465510E-03  1.1990126E-02  1.3450589E-02      860
 1.73000000E-01       50  2.5576333E-03  9.9243928E-03  1.1763843E-02      860
 1.74000000E-01       50  1.6445703E-03  8.7194638E-03  1.1450015E-02      860
 1.75000000E-01       50  7.8071621E-04  1.0211434E-02  1.3419355E-02      860
 1.76000000E-01       50  1.2655088E-05  1.3412606E-02  1.6825849E-02      860
 1.77000000E-01       50 -6.3910281E-04  1.6589487E-02  2.0386762E-02      860
 1.78000000E-01       50 -1.1682141E-03  1.8920763E-02  2.3385970E-02      860
 1.79000000E-01       50 -1.5583268E-03  2.0441420E-02  2.5747100E-02      860
 1.80000000E-01       50 -1.8733095E-03  2.1643760E-02  2.7697080E-02      860
 1.81000000E-01       50 -2.0362455E-03  2.2951143E-02  2.9499640E-02      860
 1.82000000E-01       50 -2.0591578E-03  2.4428184E-02  3.1170999E-02      860
 1.83000000E-01       50 -1.9368173E-03  2.5563770E-02  3.2401512E-02      860
 1.84000000E-01       50 -1.6739923E-03  2.5703929E-02  3.2775499E-02      860
 1.85000000E-01       50 -1.2911338E-03  2.4684436E-02  3.2177513E-02      860
 1.86000000E-01       50 -8.1832346E-04  2.3299764E-02  3.1046128E-02      860
 1.87000000E-01       50 -2.9596344E-04  2.2998483E-02  3.0203802E-02      860
 1.88000000E-01       50  2.5219860E-04  2.4431208E-02  3.0115366E-02      860
 1.89000000E-01       50  7.9721881E-04  2.6819302E-02  3.0646104E-02      860
 1.90000000E-01       50  1.3113607E-03  2.9106289E-02  3.1139359E-02      860
 1.91000000E-01       50  1.7548157E-03  2.9886368E-02  3.1044875E-02      860
 1.92000000E-01       50  2.0983336E-03  2.9233749E-02  2.9648306E-02      860
 1.93000000E-01       50  2.3094797E-03  2.6679930E-02  2.6657507E-02      860
 1.94000000E-01       50  2.3622551E-03  2.2335097E-02  2.2208852E-02      860
 1.95000000E-01       50  2.2545957E-03  1.6835414E-02  1.6901303E-02      860
 1.96000000E-01       50  2.0013304E-03  1.1004409E-02  1.1211744E-02      860
 1.97000000E-01       50  1.6303143E-03  5.4393139E-03  5.9505319E-03      860
 1.98000000E-01       50  1.1780676E-03  3.0247777E-03  3.9994577E-03      860
 1.99000000E-01       50  6.8581745E-04  6.6723590E-03  7.3416562E-03      860
 2.00000000E-01       50  1.9385649E-04  1.0504363E-02  1.1286489E-02      860
 2.01000000E-01       50 -2.6408192E-04  1.3704507E-02  1.4862844E-02      860
 2.02000000E-01       50 -6.6404552E-04  1.6404807E-02  1.8066367E-02      860
 2.03000000E-01       50 -9.9127893E-04  1.8763287E-02  2.0953686E-02      860
 2.04000000E-01       50 -1.2400583E-03  2.0838563E-02  2.3519027E-02      860
 2.05000000E-01       50 -1.4123525E-03  2.2578022E-02  2.5691055E-02      860
 2.06000000E-01       50 -1.5179504E-03  2.3874089E-02  2.7367505E-02      860
 2.07000000E-01       50 -1.5746601E-03  2.4582944E-02  2.8457000E-02      860
 2.08000000E-01       50 -1.5858167E-03  2.4482165E-02  2.8817552E-02      860
 2.09000000E-01       50 -1.5628805E-03  2.3687140E-02  2.8511169E-02      860
 2.10000000E-01       50 -1.5003279E-03  2.2294072E-02  2.7647025E-02      860
 2.11000000E-01       50 -1.4023817E-03  2.0536520E-02  2.6358474E-02      860
 2.12000000E-01       50 -1.2647864E-03  1.8841357E-02  2.4919601E-02      860
 2.13000000E-01       50 -1.0929284E-03  1.7539776E-02  2.3520440E-02      860
 2.14000000E-01       50 -8.9094884E-04  1.6719772E-02  2.2209150E-02      860
 2.15000000E-01       50 -6.6261643E-04  1.6153925E-02  2.0867790E-02      860
 2.16000000E-01       50 -4.2305024E-04  1.5455778E-02  1.9314434E-02      860
 2.17000000E-01       50 -1.9027145E-04  1.4316678E-02  1.7385632E-02      860
 2.18000000E-01       50  1.6305616E-05  1.2606459E-02  1.5003357E-02      860
 2.19000000E-01       50  1.7909313E-04  1.0364409E-02  1.2205992E-02      860
 2.20000000E-01       50  2.8571675E-04  7.7631091E-03  9.1255540E-03      860
 2.21000000E-01       50  3.3182450E-04  5.0472464E-03  5.9499152E-03      860
 2.22000000E-01       50  3.2230676E-04  2.5315452E-03  2.9422546E-03      860
 2.23000000E-01       50  2.7046472E-04  1.3630017E-03  1.4930740E-03      860
 2.24000000E-01       50  1.9553754E-04  2.9100977E-03  3.6167417E-03      860
 2.25000000E-01       50  1.1887758E-04  4.8122356E-03  6.1567084E-03      860
 2.26000000E-01       50  6.0372437E-05  6.6530517E-03  8.6083036E-03      860
 2.27000000E-01       50  3.5410126E-05  8.4176939E-03  1.0933743E-02      860
 2.28000000E-01       50  5.2808285E-05  1.0098815E-02  1.3109499E-02      860
 2.29000000E-01       50  1.1434432E-04  1.1659773E-02  1.5104325E-02      860
 2.30000000E-01       50  2.1681817E-04  1.3069812E-02  1.6890605E-02      860
 2.31000000E-01       50  3.5129880E-04  1.4288542E-02  1.8437841E-02      860
 2.32000000E-01       50  5.0144979E-04  1.5268166E-02  1.9707942E-02      860
 2.33000000E-01       50  6.5701712E-04  1.5946570E-02  2.0664296E-02      860
 2.34000000E-01       50  8.0341079E-04  1.6256579E-02  2.1248395E-02      860
 2.35000000E-01       50  9.2748243E-04  1.6177935E-02  2.1430643E-02      860
 2.36000000E-01       50  1.0215057E-03  1.5837667E-02  2.1274899E-02      860
 2.37000000E-01       50  1.0725807E-03  1.5507175E-02  2.0910349E-02      860
 2.38000000E-01       50  1.0780102E-03  1.5473208E-02  2.0498510E-02      860
 2.39000000E-01       50  1.0438807E-03  1.5784978E-02  2.0087281E-02      860
 2.40000000E-01       50  9.7377408E-04  1.6231188E-02  1.9612336E-02      860
 2.41000000E-01       50  8.7364471E-04  1.6444700E-02  1.8904785E-02      860
 2.42000000E-01       50  7.4782193E-04  1.6153338E-02  1.7808958E-02      860
 2.43000000E-01       50  5.9868390E-04  1.5178638E-02  1.6207004E-02      860
 2.44000000E-01       50  4.3074922E-04  1.3489541E-02  1.4066159E-02      860
 2.45000000E-01       50  2.4924000E-04  1.1190710E-02  1.1457996E-02      860
 2.46000000E-01       50  6.1647244E-05  8.4672405E-03  8.5237906E-03      860
 2.47000000E-01       50 -1.2468564E-04  5.5362811E-03  5.4429515E-03      860
 2.48000000E-01       50 -2.9983843E-04  2.6755220E-03  2.5135770E-03      860
 2.49000000E-01       50 -4.5371247E-04  1.2971499E-03  1.7485211E-03      860
 2.50000000E-01       50 -5.7769692E-04  3.4099057E-03  4.1850526E-03      860
 2.51000000E-01       50 -6.6551225E-04  5.7706661E-03  6.7984275E-03      860
 2.52000000E-01       50 -7.1391302E-04  7.9442035E-03  9.2452513E-03      860
 2.53000000E-01       50 -7.2336810E-04  9.8911592E-03  1.1473163E-02      860
 2.54000000E-01       50 -6.9764490E-04  1.1603156E-02  1.3457113E-02      860
 2.55000000E-01       50 -6.4272038E-04  1.3054332E-02  1.5168297E-02      860
 2.56000000E-01       50 -5.6840465E-04  1.4205153E-02  1.6573912E-02      860
 2.57000000E-01       50 -4.8294201E-04  1.5011726E-02  1.7636056E-02      860
 2.58000000E-01       50 -3.9588548E-04  1.5432813E-02  1.8323760E-02      860
 2.59000000E-01       50 -3.1349187E-04  1.5450267E-02  1.8628206E-02      860
 2.60000000E-01       50 -2.3677024E-04  1.5131346E-02  1.8599549E-02      860
 2.61000000E-01       50 -1.7133365E-04  1.4509407E-02  1.8251878E-02      860
 2.62000000E-01       50 -1.2050770E-04  1.3701432E-02  1.7657977E-02      860
 2.63000000E-01       50 -8.6493825E-05  1.2845897E-02  1.6899826E-02      860
 2.64000000E-01       50 -6.7347493E-05  1.2049581E-02  1.6035961E-02      860
 2.65000000E-01       50 -6.4713641E-05  1.1341591E-02  1.5094244E-02      860
 2.66000000E-01       50 -7.6221071E-05  1.0677671E-02  1.4054440E-02      860
 2.67000000E-01       50 -1.0039265E-04  9.9553155E-03  1.2876610E-02      860
 2.68000000E-01       50 -1.3808948E-04  9.0803269E-03  1.1519801E-02      860
 2.69000000E-01       50 -1.8569855E-04  7.9950283E-03  9.9601816E-03      860
 2.70000000E-01       50 -2.4135023E-04  6.6952391E-03  8.2155556E-03      860
 2.71000000E-01       50 -3.0133077E-04  5.2234974E-03  6.3312102E-03      860
 2.72000000E-01       50 -3.6030666E-04  3.6564045E-03  4.3835524E-03      860
 2.73000000E-01       50 -4.1170251E-04  2.1191748E-03  2.5169617E-03      860
 2.74000000E-01       50 -4.4813052E-04  1.0778359E-03  1.3838951E-03      860
 2.75000000E-01       50 -4.6219514E-04  1.7687963E-03  2.3647550E-03      860
 2.76000000E-01       50 -4.4759408E-04  3.1102989E-03  4.0549510E-03      860
 2.77000000E-01       50 -3.9989670E-04  4.4597272E-03  5.7660790E-03      860
 2.78000000E-01       50 -3.1719743E-04  5.7301925E-03  7.3929329E-03      860
 2.79000000E-01       50 -2.0188481E-04  6.8967698E-03  8.8994679E-03      860
 2.80000000E-01       50 -5.7044402E-05  7.9414666E-03  1.0267420E-02      860
 2.81000000E-01       50  1.0995936E-04  8.8460418E-03  1.1474972E-02      860
 2.82000000E-01       50  2.9054575E-04  9.5957724E-03  1.2504223E-02      860
 2.83000000E-01       50  4.7464138E-04  1.0171189E-02  1.3335181E-02      860
 2.84000000E-01       50  6.5049794E-04  1.0554230E-02  1.3949342E-02      860
 2.85000000E-01       50  8.0728387E-04  1.0752282E-02  1.4342370E-02      860
 2.86000000E-01       50  9.3495377E-04  1.0795283E-02  1.4522133E-02      860
 2.87000000E-01       50  1.0275672E-03  1.0736453E-02  1.4513488E-02      860
 2.88000000E-01       50  1.0766975E-03  1.0644187E-02  1.4340782E-02      860
 2.89000000E-01       50  1.0804346E-03  1.0566821E-02  1.4036297E-02      860
 2.90000000E-01       50  1.0393553E-03  1.0503315E-02  1.3608478E-02      860
 2.91000000E-01       50  9.5693903E-04  1.0395714E-02  1.3040701E-02      860
 2.92000000E-01       50  8.4138482E-04  1.0132456E-02  1.2284595E-02      860
 2.93000000E-01       50  6.9798660E-04  9.6452726E-03  1.1318660E-02      860
 2.94000000E-01       50  5.3385382E-04  8.8898736E-03  1.0126889E-02      860
 2.95000000E-01       50  3.5578676E-04  7.8485348E-03  8.7088701E-03      860
 2.96000000E-01       50  1.7050216E-04  6.5478140E-03  7.0929969E-03      860
 2.97000000E-01       50 -1.3206356E-05  5.0474806E-03  5.3327773E-03      860
 2.98000000E-01       50 -1.8735656E-04  3.4360138E-03  3.5185116E-03      860
 2.99000000E-01       50 -3.4420911E-04  1.8691264E-03  1.8714685E-03      860
 3.00000000E-01       50 -4.7687490E-04  1.0501521E-03  1.4750794E-03      860
 3.01000000E-01       50 -5.7963617E-04  2.0944598E-03  2.8244368E-03      860
 3.02000000E-01       50 -6.4982738E-04  3.5338335E-03  4.4592773E-03      860
 3.03000000E-01       50 -6.8547737E-04  4.9191046E-03  6.0390827E-03      860
 3.04000000E-01       50 -6.8748562E-04  6.1769417E-03  7.4916351E-03      860
 3.05000000E-01       50 -6.5870290E-04  7.2766513E-03  8.7837681E-03      860
 3.06000000E-01       50 -6.0372278E-04  8.1973959E-03  9.8934857E-03      860
 3.07000000E-01       50 -5.2933944E-04  8.9205572E-03  1.0803057E-02      860
 3.08000000E-01       50 -4.4036118E-04  9.4315803E-03  1.1500902E-02      860
 3.09000000E-01       50 -3.4597899E-04  9.7388676E-03  1.1983362E-02      860
 3.10000000E-01       50 -2.4870353E-04  9.8586487E-03  1.2267431E-02      860
 3.11000000E-01       50 -1.5661401E-04  9.7824720E-03  1.2339557E-02      860
 3.12000000E-01       50 -7.5203098E-05  9.5436957E-03  1.2219733E-02      860
 3.13000000E-01       50 -9.0698821E-06  9.1856268E-03  1.1934071E-02      860
 3.14000000E-01       50  3.8767622E-05  8.7493324E-03  1.1507922E-02      860
 3.15000000E-01       50  6.7036782E-05  8.2641976E-03  1.0960379E-02      860
 3.16000000E-01       50  7.7204554E-05  7.7432632E-03  1.0301103E-02      860
 3.17000000E-01       50  6.8768326E-05  7.1822479E-03  9.5376432E-03      860
 3.18000000E-01       50  4.4290229E-05  6.5679292E-03  8.6673045E-03      860
 3.19000000E-01       50  6.1901161E-06  5.8793221E-03  7.6888270E-03      860
 3.20000000E-01       50 -4.2641654E-05  5.1062147E-03  6.6072895E-03      860
 3.21000000E-01       50 -9.8198048E-05  4.2468922E-03  5.4345570E-03      860
 3.22000000E-01       50 -1.5630833E-04  3.3134988E-03  4.1919509E-03      860
 3.23000000E-01       50 -2.1218079E-04  2.3340397E-03  2.9151714E-03      860
 3.24000000E-01       50 -2.6076501E-04  1.3672765E-03  1.6807520E-03      860
 3.25000000E-01       50 -2.9704596E-04  6.9070952E-04  8.8513694E-04      860
 3.26000000E-01       50 -3.1659237E-04  1.1322747E-03  1.5247650E-03      860
 3.27000000E-01       50 -3.1594517E-04  2.0263597E-03  2.6742055E-03      860
 3.28000000E-01       50 -2.9289373E-04  2.9363581E-03  3.8432476E-03      860
 3.29000000E-01       50 -2.4669402E-04  3.7955441E-03  4.9553041E-03      860
 3.30000000E-01       50 -1.7828550E-04  4.5805804E-03  5.9829020E-03      860
 3.31000000E-01       50 -9.0277310E-05  5.2774342E-03  6.9092838E-03      860
 3.32000000E-01       50  1.3189982E-05  5.8760306E-03  7.7218856E-03      860
 3.33000000E-01       50  1.2675288E-04  6.3693700E-03  8.4106799E-03      860
 3.34000000E-01       50  2.4423499E-04  6.7527968E-03  8.9675295E-03      860
 3.35000000E-01       50  3.5971681E-04  7.0328897E-03  9.3901565E-03      860
 3.36000000E-01       50  4.6638473E-04  7.2121509E-03  9.6745677E-03      860
 3.37000000E-01       50  5.5759724E-04  7.3012710E-03  9.8230780E-03      860
 3.38000000E-01       50  6.2969105E-04  7.3151618E-03  9.8436848E-03      860
 3.39000000E-01       50  6.7695042E-04  7.2685671E-03  9.7374945E-03      860
 3.40000000E-01       50  6.9737366E-04  7.1677438E-03  9.5113231E-03      860
 3.41000000E-01       50  6.8997439E-04  7.0085901E-03  9.1659836E-03      860
 3.42000000E-01       50  6.5540461E-04  6.7769128E-03  8.6994449E-03      860
 3.43000000E-01       50  5.9584136E-04  6.4524946E-03  8.1081088E-03      860
 3.44000000E-01       50  5.1475984E-04  6.0151750E-03  7.3894404E-03      860
 3.45000000E-01       50  4.1794090E-04  5.4389357E-03  6.5366918E-03      860
 3.46000000E-01       50  3.0888450E-04  4.7327713E-03  5.5673317E-03      860
 3.47000000E-01       50  1.9361784E-04  3.9158663E-03  4.4998911E-03      860
 3.48000000E-01       50  7.6096879E-05  3.0091281E-03  3.3626792E-03      860
 3.49000000E-01       50 -3.8605694E-05  2.0468091E-03  2.1938926E-03      860
 3.50000000E-01       50 -1.4576111E-04  1.1016227E-03  1.0996370E-03      860
 3.51000000E-01       50 -2.4104142E-04  6.0708384E-04  8.1874786E-04      860
 3.52000000E-01       50 -3.2076018E-04  1.2803469E-03  1.7573852E-03      860
 3.53000000E-01       50 -3.8233831E-04  2.1880512E-03  2.8474130E-03      860
 3.54000000E-01       50 -4.2408960E-04  3.0678940E-03  3.8973704E-03      860
 3.55000000E-01       50 -4.4561212E-04  3.8738890E-03  4.8655108E-03      860
 3.56000000E-01       50 -4.4761739E-04  4.5849927E-03  5.7307377E-03      860
 3.57000000E-01       50 -4.3185754E-04  5.1878760E-03  6.4790994E-03      860
 3.58000000E-01       50 -4.0095281E-04  5.6738292E-03  7.1009925E-03      860
 3.59000000E-01       50 -3.5665900E-04  6.0474554E-03  7.5972233E-03      860
 3.60000000E-01       50 -3.0345793E-04  6.2970707E-03  7.9563883E-03      860
 3.61000000E-01       50 -2.4558535E-04  6.4262029E-03  8.1793241E-03      860
 3.62000000E-01       50 -1.8734790E-04  6.4428030E-03  8.2702620E-03      860
 3.63000000E-01       50 -1.3285204E-04  6.3592927E-03  8.2361282E-03      860
 3.64000000E-01       50 -8.5145278E-05  6.1877338E-03  8.0845492E-03      860
 3.65000000E-01       50 -4.6160633E-05  5.9439786E-03  7.8263014E-03      860
 3.66000000E-01       50 -1.7254093E-05  5.6401664E-03  7.4707884E-03      860
 3.67000000E-01       50  8.9539806E-07  5.2837953E-03  7.0251014E-03      860
 3.68000000E-01       50  9.2793196E-06  4.8784771E-03  6.4936234E-03      860
 3.69000000E-01       50  7.5279787E-06  4.4239978E-03  5.8841419E-03      860
 3.70000000E-01       50 -2.7811375E-06  3.9203785E-03  5.2009305E-03      860
 3.71000000E-01       50 -2.0011829E-05  3.3685757E-03  4.4516878E-03      860
 3.72000000E-01       50 -4.2125890E-05  2.7733179E-03  3.6469709E-03      860
 3.73000000E-01       50 -6.6744404E-05  2.1404342E-03  2.7990194E-03      860
 3.74000000E-01       50 -9.1450323E-05  1.4827535E-03  1.9252649E-03      860
 3.75000000E-01       50 -1.1343775E-04  8.2496628E-04  1.0566882E-03      860
 3.76000000E-01       50 -1.3003838E-04  3.1408797E-04  3.9657083E-04      860
 3.77000000E-01       50 -1.3897424E-04  6.7683150E-04  9.0334096E-04      860
 3.78000000E-01       50 -1.3831981E-04  1.3012382E-03  1.7248555E-03      860
 3.79000000E-01       50 -1.2682711E-04  1.9178089E-03  2.5352469E-03      860
 3.80000000E-01       50 -1.0392482E-04  2.4976388E-03  3.3007837E-03      860
 3.81000000E-01       50 -6.9831268E-05  3.0292012E-03  4.0069457E-03      860
 3.82000000E-01       50 -2.5739289E-05  3.5033013E-03  4.6430554E-03      860
 3.83000000E-01       50  2.6597373E-05  3.9146695E-03  5.2012444E-03      860
 3.84000000E-01       50  8.4600709E-05  4.2597915E-03  5.6754123E-03      860
 3.85000000E-01       50  1.4527744E-04  4.5369876E-03  6.0609405E-03      860
 3.86000000E-01       50  2.0537526E-04  4.7465037E-03  6.3548369E-03      860
 3.87000000E-01       50  2.6256271E-04  4.8899320E-03  6.5569794E-03      860
 3.88000000E-01       50  3.1278122E-04  4.9711885E-03  6.6642794E-03      860
 3.89000000E-01       50  3.5367224E-04  4.9909718E-03  6.6777552E-03      860
 3.90000000E-01       50  3.8270419E-04  4.9509158E-03  6.5982921E-03      860
 3.91000000E-01       50  3.9812316E-04  4.8531095E-03  6.4281934E-03      860
 3.92000000E-01       50  3.9913431E-04  4.6975741E-03  6.1695681E-03      860
 3.93000000E-01       50  3.8573009E-04  4.4821980E-03  5.8242904E-03      860
 3.94000000E-01       50  3.5858834E-04  4.2039064E-03  5.3946741E-03      860
 3.95000000E-01       50  3.1907725E-04  3.8600536E-03  4.8843910E-03      860
 3.96000000E-01       50  2.6916002E-04  3.4499583E-03  4.2990630E-03      860
 3.97000000E-01       50  2.1124661E-04  2.9759598E-03  3.6465953E-03      860
 3.98000000E-01       50  1.4804065E-04  2.4443004E-03  2.9376119E-03      860
 3.99000000E-01       50  8.2364901E-05  1.8656930E-03  2.1860809E-03      860
 4.00000000E-01       50  1.7414566E-05  1.2532422E-03  1.4086268E-03      860
 4.01000000E-01       50 -4.4617216E-05  6.4914089E-04  6.5713470E-04      860
 4.02000000E-01       50 -1.0158966E-04  3.3462187E-04  4.2821327E-04      860
 4.03000000E-01       50 -1.5170983E-04  7.9936338E-04  1.0948572E-03      860
 4.04000000E-01       50 -1.9355633E-04  1.3863620E-03  1.8285498E-03      860
 4.05000000E-01       50 -2.2564648E-04  1.9559113E-03  2.5325412E-03      860
 4.06000000E-01       50 -2.4744767E-04  2.4820848E-03  3.1844710E-03      860
 4.07000000E-01       50 -2.5885457E-04  2.9516705E-03  3.7711965E-03      860
 4.08000000E-01       50 -2.6036458E-04  3.3560729E-03  4.2833917E-03      860
 4.09000000E-01       50 -2.5296581E-04  3.6897731E-03  4.7145143E-03      860
 4.10000000E-01       50 -2.3802616E-04  3.9498353E-03  5.0603214E-03      860
 4.11000000E-01       50 -2.1719571E-04  4.1355355E-03  5.3185657E-03      860
 4.12000000E-01       50 -1.9229497E-04  4.2480646E-03  5.4887489E-03      860
 4.13000000E-01       50 -1.6520052E-04  4.2903190E-03  5.5718514E-03      860
 4.14000000E-01       50 -1.3772264E-04  4.2665054E-03  5.5702985E-03      860
 4.15000000E-01       50 -1.1146486E-04  4.1815376E-03  5.4874421E-03      860
 4.16000000E-01       50 -8.7895799E-05  4.0405870E-03  5.3273585E-03      860
 4.17000000E-01       50 -6.8170335E-05  3.8481114E-03  5.0941375E-03      860
 4.18000000E-01       50 -5.2836272E-05  3.6090581E-03  4.7929871E-03      860
 4.19000000E-01       50 -4.2067125E-05  3.3285349E-03  4.4300162E-03      860
 4.20000000E-01       50 -3.5242263E-05  3.0104845E-03  4.0102683E-03      860
 4.21000000E-01       50 -3.2699870E-05  2.6576051E-03  3.5410945E-03      860
 4.22000000E-01       50 -3.3535567E-05  2.2735070E-03  3.0277222E-03      860
 4.23000000E-01       50 -3.6857008E-05  1.8624860E-03  2.4775546E-03      860
 4.24000000E-01       50 -4.1629235E-05  1.4298942E-03  1.8990532E-03      860
 4.25000000E-01       50 -4.6700301E-05  9.8253336E-04  1.3019685E-03      860
 4.26000000E-01       50 -5.0865188E-05  5.3041677E-04  6.9954023E-04      860
 4.27000000E-01       50 -5.2952244E-05  1.3542878E-04  1.7238329E-04      860
 4.28000000E-01       50 -5.1904775E-05  4.1849730E-04  5.5721302E-04      860
 4.29000000E-01       50 -4.6880530E-05  8.5053195E-04  1.1318830E-03      860
 4.30000000E-01       50 -3.7304956E-05  1.2689848E-03  1.6885868E-03      860
 4.31000000E-01       50 -2.2906853E-05  1.6624731E-03  2.2132084E-03      860
 4.32000000E-01       50 -3.7887737E-06  2.0244946E-03  2.6973858E-03      860
 4.33000000E-01       50  1.9562750E-05  2.3500902E-03  3.1344299E-03      860
 4.34000000E-01       50  4.6316618E-05  2.6354171E-03  3.5188460E-03      860
 4.35000000E-01       50  7.5339449E-05  2.8776609E-03  3.8461627E-03      860
 4.36000000E-01       50  1.0528575E-04  3.0749639E-03  4.1128914E-03      860
 4.37000000E-01       50  1.3530219E-04  3.2261118E-03  4.3173421E-03      860
 4.38000000E-01       50  1.6314657E-04  3.3312200E-03  4.4559977E-03      860
 4.39000000E-01       50  1.8753947E-04  3.3902895E-03  4.5291255E-03      860
 4.40000000E-01       50  2.0713268E-04  3.4036610E-03  4.5364837E-03      860
 4.41000000E-01       50  2.2079413E-04  3.3717806E-03  4.4785241E-03      860
 4.42000000E-01       50  2.2776622E-04  3.2950522E-03  4.3563774E-03      860
 4.43000000E-01       50  2.2777861E-04  3.1726682E-03  4.1710981E-03      860
 4.44000000E-01       50  2.2070076E-04  3.0042885E-03  3.9245784E-03      860
 4.45000000E-01       50  2.0665626E-04  2.7921154E-03  3.6210118E-03      860
 4.46000000E-01       50  1.8626724E-04  2.5385436E-03  3.2652163E-03      860
 4.47000000E-01       50  1.6042605E-04  2.2461623E-03  2.8623781E-03      860
 4.48000000E-01       50  1.3017784E-04  1.9184645E-03  2.4185116E-03      860
 4.49000000E-01       50  9.6732503E-05  1.5603781E-03  1.9408542E-03      860
 4.50000000E-01       50  6.1403952E-05  1.1784424E-03  1.4380189E-03      860
 4.51000000E-01       50  2.5548049E-05  7.8184770E-04  9.2089301E-04      860
 4.52000000E-01       50 -9.4932011E-06  3.9051260E-04  4.1220774E-04      860
 4.53000000E-01       50 -4.2469777E-05  1.9548953E-04  2.4079927E-04      860
 4.54000000E-01       50 -7.2294113E-05  5.1698125E-04  7.0512192E-04      860
 4.55000000E-01       50 -9.8081234E-05  9.0077246E-04  1.1978169E-03      860
 4.56000000E-01       50 -1.1919258E-04  1.2720748E-03  1.6689222E-03      860
 4.57000000E-01       50 -1.3526131E-04  1.6174344E-03  2.1066564E-03      860
 4.58000000E-01       50 -1.4617528E-04  1.9290535E-03  2.5031328E-03      860
 4.59000000E-01       50 -1.5205497E-04  2.2013513E-03  2.8522580E-03      860
 4.60000000E-01       50 -1.5323556E-04  2.4303002E-03  3.1492984E-03      860
 4.61000000E-01       50 -1.5023788E-04  2.6133512E-03  3.3908785E-03      860
 4.62000000E-01       50 -1.4373052E-04  2.7492457E-03  3.5747856E-03      860
 4.63000000E-01       50 -1.3447378E-04  2.8378697E-03  3.6999546E-03      860
 4.64000000E-01       50 -1.2328227E-04  2.8800810E-03  3.7663652E-03      860
 4.65000000E-01       50 -1.1096276E-04  2.8774545E-03  3.7748368E-03      860
 4.66000000E-01       50 -9.8268767E-05  2.8321568E-03  3.7269804E-03      860
 4.67000000E-01       50 -8.5896313E-05  2.7467038E-03  3.6250645E-03      860
 4.68000000E-01       50 -7.4398717E-05  2.6238103E-03  3.4718923E-03      860
 4.69000000E-01       50 -6.4193999E-05  2.4663222E-03  3.2707605E-03      860
 4.70000000E-01       50 -5.5527033E-05  2.2772073E-03  3.0254450E-03      860
 4.71000000E-01       50 -4.8541452E-05  2.0596553E-03  2.7401887E-03      860
 4.72000000E-01       50 -4.3204281E-05  1.8167021E-03  2.4194481E-03      860
 4.73000000E-01       50 -3.9211778E-05  1.5518955E-03  2.0682632E-03      860
 4.74000000E-01       50 -3.6144461E-05  1.2694436E-03  1.6925296E-03      860
 4.75000000E-01       50 -3.3383024E-05  9.7355478E-04  1.2978569E-03      860
 4.76000000E-01       50 -3.0720772E-05  6.6840802E-04  8.9092577E-04      860
 4.77000000E-01       50 -2.7579911E-05  3.5929342E-04  4.7833971E-04      860
 4.78000000E-01       50 -2.3499934E-05  6.9410464E-05  8.9552258E-05      860
 4.79000000E-01       50 -1.8098530E-05  2.6948359E-04  3.5950061E-04      860
 4.80000000E-01       50 -1.1107460E-05  5.6552300E-04  7.5504575E-04      860
 4.81000000E-01       50 -2.3682540E-06  8.5045831E-04  1.1357622E-03      860
 4.82000000E-01       50  8.1517293E-06  1.1186817E-03  1.4943862E-03      860
 4.83000000E-01       50  2.0344140E-05  1.3662612E-03  1.8256377E-03      860
 4.84000000E-01       50  3.4268151E-05  1.5898046E-03  2.1253987E-03      860
 4.85000000E-01       50  4.9229527E-05  1.7867932E-03  2.3889706E-03      860
 4.86000000E-01       50  6.4814938E-05  1.9549735E-03  2.6136535E-03      860
 4.87000000E-01       50  8.0406121E-05  2.0926359E-03  2.7968473E-03      860
 4.88000000E-01       50  9.5296618E-05  2.1985731E-03  2.9365569E-03      860
 4.89000000E-01       50  1.0878528E-04  2.2719543E-03  3.0313912E-03      860
 4.90000000E-01       50  1.2020927E-04  2.3123410E-03  3.0805379E-03      860
 4.91000000E-01       50  1.2898119E-04  2.3196429E-03  3.0838300E-03      860
 4.92000000E-01       50  1.3462160E-04  2.2940400E-03  3.0416496E-03      860
 4.93000000E-01       50  1.3679066E-04  2.2359659E-03  2.9549407E-03      860
 4.94000000E-01       50  1.3530408E-04  2.1461561E-03  2.8252390E-03      860
 4.95000000E-01       50  1.3016736E-04  2.0256466E-03  2.6546541E-03      860
 4.96000000E-01       50  1.2151097E-04  1.8758404E-03  2.4458434E-03      860
 4.97000000E-01       50  1.0962713E-04  1.6985826E-03  2.2020600E-03      860
 4.98000000E-01       50  9.4942461E-05  1.4962304E-03  1.9271560E-03      860
 4.99000000E-01       50  7.7972359E-05  1.2717293E-03  1.6255667E-03      860
 5.00000000E-01       50  5.9360016E-05  1.0283964E-03  1.3021584E-03      860
 5.01000000E-01       50  3.9756890E-05  7.7007967E-04  9.6211809E-04      860
 5.02000000E-01       50  1.9742008E-05  5.0303512E-04  6.1243733E-04      860
 5.03000000E-01       50 -4.2788424E-08  2.3885620E-04  2.6504931E-04      860
 5.04000000E-01       50 -1.8979346E-05  1.1372608E-04  1.4139152E-04      860
 5.05000000E-01       50 -3.6523875E-05  3.4296044E-04  4.6502610E-04      860
 5.06000000E-01       50 -5.2206806E-05  5.9818340E-04  7.9715855E-04      860
 5.07000000E-01       50 -6.5658646E-05  8.4342317E-04  1.1138061E-03      860
 5.08000000E-01       50 -7.6626546E-05  1.0719295E-03  1.4084786E-03      860
 5.09000000E-01       50 -8.4978306E-05  1.2793596E-03  1.6763643E-03      860
 5.10000000E-01       50 -9.0685978E-05  1.4623666E-03  1.9134879E-03      860
 5.11000000E-01       50 -9.3842686E-05  1.6183316E-03  2.1166803E-03      860
 5.12000000E-01       50 -9.4643647E-05  1.7453154E-03  2.2834693E-03      860
 5.13000000E-01       50 -9.3371485E-05  1.8420114E-03  2.4120658E-03      860
 5.14000000E-01       50 -9.0375465E-05  1.9077844E-03  2.5013862E-03      860
 5.15000000E-01       50 -8.6027307E-05  1.9425858E-03  2.5510091E-03      860
 5.16000000E-01       50 -8.0702301E-05  1.9469193E-03  2.5611589E-03      860
 5.17000000E-01       50 -7.4753707E-05  1.9217305E-03  2.5326111E-03      860
 5.18000000E-01       50 -6.8522679E-05  1.8683671E-03  2.4667138E-03      860
 5.19000000E-01       50 -6.2266118E-05  1.7884619E-03  2.3652376E-03      860
 5.20000000E-01       50 -5.6183714E-05  1.6838988E-03  2.2304060E-03      860
 5.21000000E-01       50 -5.0402871E-05  1.5567906E-03  2.0648469E-03      860
 5.22000000E-01       50 -4.4986091E-05  1.4094284E-03  1.8715258E-03      860
 5.23000000E-01       50 -3.9935619E-05  1.2442638E-03  1.6537183E-03      860
 5.24000000E-01       50 -3.5192840E-05  1.0639448E-03  1.4150039E-03      860
 5.25000000E-01       50 -3.0653192E-05  8.7123253E-04  1.1591791E-03      860
 5.26000000E-01       50 -2.6165550E-05  6.6908593E-04  8.9029261E-04      860
 5.27000000E-01       50 -2.1572527E-05  4.6057775E-04  6.1252577E-04      860
 5.28000000E-01       50 -1.6705626E-05  2.4917070E-04  3.3046702E-04      860
 5.29000000E-01       50 -1.1413797E-05  4.5528328E-05  5.6577537E-05      860
 5.30000000E-01       50 -5.5646663E-06  1.7700908E-04  2.3688550E-04      860
 5.31000000E-01       50  9.2999692E-07  3.7947893E-04  5.0764180E-04      860
 5.32000000E-01       50  8.0940057E-06  5.7411649E-04  7.6770616E-04      860
 5.33000000E-01       50  1.5897856E-05  7.5750979E-04  1.0126990E-03      860
 5.34000000E-01       50  2.4250915E-05  9.2703878E-04  1.2391075E-03      860
 5.35000000E-01       50  3.2999804E-05  1.0804422E-03  1.4438396E-03      860
 5.36000000E-01       50  4.1915870E-05  1.2158156E-03  1.6242495E-03      860
 5.37000000E-01       50  5.0748293E-05  1.3315176E-03  1.7780045E-03      860
 5.38000000E-01       50  5.9202649E-05  1.4262276E-03  1.9032460E-03      860
 5.39000000E-01       50  6.6965727E-05  1.4989795E-03  1.9985606E-03      860
 5.40000000E-01       50  7.3728010E-05  1.5490636E-03  2.0629600E-03      860
 5.41000000E-01       50  7.9194333E-05  1.5760851E-03  2.0958911E-03      860
 5.42000000E-01       50  8.3109340E-05  1.5798890E-03  2.0972232E-03      860
 5.43000000E-01       50  8.5268981E-05  1.5606535E-03  2.0673164E-03      860
 5.44000000E-01       50  8.5531378E-05  1.5187543E-03  2.0068872E-03      860
 5.45000000E-01       50  8.3818495E-05  1.4548620E-03  1.9171083E-03      860
 5.46000000E-01       50  8.0152741E-05  1.3699794E-03  1.7995953E-03      860
 5.47000000E-01       50  7.4608619E-05  1.2653164E-03  1.6562977E-03      860
 5.48000000E-01       50  6.7324808E-05  1.1424665E-03  1.4896049E-03      860
 5.49000000E-01       50  5.8506694E-05  1.0032961E-03  1.3022781E-03      860
 5.50000000E-01       50  4.8422211E-05  8.5001326E-04  1.0974003E-03      860
 5.51000000E-01       50  3.7389829E-05  6.8516578E-04  8.7837575E-04      860
 5.52000000E-01       50  2.5753881E-05  5.1160852E-04  6.4889206E-04      860
 5.53000000E-01       50  1.3863731E-05  3.3288709E-04  4.1317009E-04      860
 5.54000000E-01       50  2.0557426E-06  1.5569684E-04  1.7799596E-04      860
 5.55000000E-01       50 -9.3431548E-06  7.2079746E-05  8.8753877E-05      860
 5.56000000E-01       50 -2.0033212E-05  2.2871245E-04  3.0958675E-04      860
 5.57000000E-01       50 -2.9760414E-05  3.9979495E-04  5.3402014E-04      860
 5.58000000E-01       50 -3.8326955E-05  5.6406551E-04  7.4794607E-04      860
 5.59000000E-01       50 -4.5589012E-05  7.1736576E-04  9.4726967E-04      860
 5.60000000E-01       50 -5.1458084E-05  8.5694869E-04  1.1288483E-03      860
 5.61000000E-01       50 -5.5908073E-05  9.8064695E-04  1.2900599E-03      860
 5.62000000E-01       50 -5.8967488E-05  1.0867288E-03  1.4287556E-03      860
 5.63000000E-01       50 -6.0705046E-05  1.1738638E-03  1.5431833E-03      860
 5.64000000E-01       50 -6.1224970E-05  1.2410747E-03  1.6320587E-03      860
 5.65000000E-01       50 -6.0663140E-05  1.2878215E-03  1.6945323E-03      860
 5.66000000E-01       50 -5.9179712E-05  1.3138819E-03  1.7301995E-03      860
 5.67000000E-01       50 -5.6937207E-05  1.3194107E-03  1.7390755E-03      860
 5.68000000E-01       50 -5.4094825E-05  1.3048274E-03  1.7215658E-03      860
 5.69000000E-01       50 -5.0829694E-05  1.2708840E-03  1.6784918E-03      860
 5.70000000E-01       50 -4.7274544E-05  1.2185585E-03  1.6109645E-03      860
 5.71000000E-01       50 -4.3534766E-05  1.1490302E-03  1.5204575E-03      860
 5.72000000E-01       50 -3.9683887E-05  1.0637273E-03  1.4087388E-03      860
 5.73000000E-01       50 -3.5771834E-05  9.6422602E-04  1.2778511E-03      860
 5.74000000E-01       50 -3.1817176E-05  8.5223916E-04  1.1300435E-03      860
 5.75000000E-01       50 -2.7816899E-05  7.2964839E-04  9.6780638E-04      860
 5.76000000E-01       50 -2.3753661E-05  5.9841156E-04  7.9374525E-04      860
 5.77000000E-01       50 -1.9594070E-05  4.6059877E-04  6.1064645E-04      860
 5.78000000E-01       50 -1.5292427E-05  3.1840886E-04  4.2142236E-04      860
 5.79000000E-01       50 -1.0807143E-05  1.7423197E-04  2.2915478E-04      860
 5.80000000E-01       50 -6.1055488E-06  3.5326992E-05  4.1155389E-05      860
 5.81000000E-01       50 -1.1655928E-06  1.1734930E-04  1.5734782E-04      860
 5.82000000E-01       50  4.0178176E-06  2.5544731E-04  3.4208676E-04      860
 5.83000000E-01       50  9.4238282E-06  3.8843481E-04  5.1954385E-04      860
 5.84000000E-01       50  1.5006649E-05  5.1384528E-04  6.8675270E-04      860
 5.85000000E-01       50  2.0694881E-05  6.2987087E-04  8.4131578E-04      860
 5.86000000E-01       50  2.6388544E-05  7.3494506E-04  9.8112031E-04      860
 5.87000000E-01       50  3.1962650E-05  8.2770413E-04  1.1043044E-03      860
 5.88000000E-01       50  3.7277453E-05  9.0699747E-04  1.2092885E-03      860
 5.89000000E-01       50  4.2185869E-05  9.7185637E-04  1.2947493E-03      860
 5.90000000E-01       50  4.6529148E-05  1.0215536E-03  1.3597173E-03      860
 5.91000000E-01       50  5.0150531E-05  1.0555917E-03  1.4034990E-03      860
 5.92000000E-01       50  5.2915753E-05  1.0736354E-03  1.4257091E-03      860
 5.93000000E-01       50  5.4709668E-05  1.0756253E-03  1.4263013E-03      860
 5.94000000E-01       50  5.5448453E-05  1.0616809E-03  1.4055011E-03      860
 5.95000000E-01       50  5.5078147E-05  1.0321226E-03  1.3638638E-03      860
 5.96000000E-01       50  5.3563031E-05  9.8749659E-04  1.3022506E-03      860
 5.97000000E-01       50  5.0940756E-05  9.2861271E-04  1.2218258E-03      860
 5.98000000E-01       50  4.7262665E-05  8.5641106E-04  1.1239861E-03      860
 5.99000000E-01       50  4.2613113E-05  7.7207968E-04  1.0104105E-03      860
 6.00000000E-01       50  3.7112083E-05  6.7694564E-04  8.8299400E-04      860
 6.01000000E-01       50  3.0899969E-05  5.7259024E-04  7.4385584E-04      860
 6.02000000E-01       50  2.4142326E-05  4.6074457E-04  5.9531792E-04      860
 6.03000000E-01       50  1.7019357E-05  3.4334499E-04  4.3986304E-04      860
 6.04000000E-01       50  9.7211676E-06  2.2265185E-04  2.8022692E-04      860
 6.05000000E-01       50  2.4392680E-06  1.0269391E-04  1.2048281E-04      860
 6.06000000E-01       50 -4.6487002E-06  4.5515348E-05  5.6076930E-05      860
 6.07000000E-01       50 -1.1380076E-05  1.5312988E-04  2.0694926E-04      860
 6.08000000E-01       50 -1.7612175E-05  2.6846132E-04  3.5898109E-04      860
 6.09000000E-01       50 -2.3215029E-05  3.7903976E-04  5.0384475E-04      860
 6.10000000E-01       50 -2.8097116E-05  4.8233008E-04  6.3892286E-04      860
 6.11000000E-01       50 -3.2208323E-05  5.7661108E-04  7.6217167E-04      860
 6.12000000E-01       50 -3.5516758E-05  6.6041858E-04  8.7181909E-04      860
 6.13000000E-01       50 -3.8013228E-05  7.3262132E-04  9.6639875E-04      860
 6.14000000E-01       50 -3.9717705E-05  7.9225173E-04  1.0446903E-03      860
 6.15000000E-01       50 -4.0670344E-05  8.3865369E-04  1.1058114E-03      860
 6.16000000E-01       50 -4.0931902E-05  8.7137053E-04  1.1491260E-03      860
 6.17000000E-01       50 -4.0571226E-05  8.9019654E-04  1.1743053E-03      860
 6.18000000E-01       50 -3.9662861E-05  8.9513875E-04  1.1813087E-03      860
 6.19000000E-01       50 -3.8273069E-05  8.8640415E-04  1.1703551E-03      860
 6.20000000E-01       50 -3.6494256E-05  8.6444728E-04  1.1419562E-03      860
 6.21000000E-01       50 -3.4388948E-05  8.2986410E-04  1.0968309E-03      860
 6.22000000E-01       50 -3.2012679E-05  7.8344211E-04  1.0359623E-03      860
 6.23000000E-01       50 -2.9411648E-05  7.2611944E-04  9.6054332E-04      860
 6.24000000E-01       50 -2.6625253E-05  6.5894197E-04  8.7193936E-04      860
 6.25000000E-01       50 -2.3684086E-05  5.8311175E-04  7.7170778E-04      860
 6.26000000E-01       50 -2.0606116E-05  4.9990808E-04  6.6153161E-04      860
 6.27000000E-01       50 -1.7401249E-05  4.1067758E-04  5.4320218E-04      860
 6.28000000E-01       50 -1.4075171E-05  3.1686839E-04  4.1863225E-04      860
 6.29000000E-01       50 -1.0627438E-05  2.1999282E-04  2.8981344E-04      860
 6.30000000E-01       50 -7.0550605E-06  1.2173762E-04  1.5886760E-04      860
 6.31000000E-01       50 -3.3665427E-06  2.7286454E-05  3.0614200E-05      860
 6.32000000E-01       50  4.1767414E-07  7.7944045E-05  1.0467439E-04      860
 6.33000000E-01       50  4.2714528E-06  1.7205986E-04  2.3058153E-04      860
 6.34000000E-01       50  8.1688377E-06  2.6289429E-04  3.5159892E-04      860
 6.35000000E-01       50  1.2072024E-05  3.4861904E-04  4.6565772E-04      860
 6.36000000E-01       50  1.5929653E-05  4.2795451E-04  5.7110891E-04      860
 6.37000000E-01       50  1.9674442E-05  4.9981885E-04  6.6649826E-04      860
 6.38000000E-01       50  2.3233040E-05  5.6326087E-04  7.5054111E-04      860
 6.39000000E-01       50  2.6528880E-05  6.1746919E-04  8.2215098E-04      860
 6.40000000E-01       50  2.9474377E-05  6.6177418E-04  8.8043993E-04      860
 6.41000000E-01       50  3.1984658E-05  6.9566106E-04  9.2472510E-04      860
 6.42000000E-01       50  3.3994502E-05  7.1877350E-04  9.5453045E-04      860
 6.43000000E-01       50  3.5449046E-05  7.3089886E-04  9.6959707E-04      860
 6.44000000E-01       50  3.6298566E-05  7.3197862E-04  9.6989324E-04      860
 6.45000000E-01       50  3.6498104E-05  7.2214435E-04  9.5562028E-04      860
 6.46000000E-01       50  3.6021474E-05  7.0163779E-04  9.2715899E-04      860
 6.47000000E-01       50  3.4863801E-05  6.7084651E-04  8.8509901E-04      860
 6.48000000E-01       50  3.3035501E-05  6.3036530E-04  8.3025999E-04      860
 6.49000000E-01       50  3.0592790E-05  5.8090188E-04  7.6366044E-04      860
 6.50000000E-01       50  2.7580259E-05  5.2327835E-04  6.8641139E-04      860
 6.51000000E-01       50  2.4067109E-05  4.5842663E-04  5.9982427E-04      860
 6.52000000E-01       50  2.0134973E-05  3.8746795E-04  5.0537241E-04      860
 6.53000000E-01       50  1.5882385E-05  3.1155389E-04  4.0459992E-04      860
 6.54000000E-01       50  1.1411492E-05  2.3201170E-04  2.9918271E-04      860
 6.55000000E-01       50  6.8260314E-06  1.5032615E-04  1.9094976E-04      860
 6.56000000E-01       50  2.2278005E-06  6.8966815E-05  8.2418411E-05      860
 6.57000000E-01       50 -2.2856854E-06  2.9057648E-05  3.5706776E-05      860
 6.58000000E-01       50 -6.6198349E-06  1.0260673E-04  1.3853551E-04      860
 6.59000000E-01       50 -1.0688943E-05  1.8062708E-04  2.4168465E-04      860
 6.60000000E-01       50 -1.4416548E-05  2.5536604E-04  3.3995598E-04      860
 6.61000000E-01       50 -1.7739563E-05  3.2523410E-04  4.3164916E-04      860
 6.62000000E-01       50 -2.0616588E-05  3.8908709E-04  5.1538822E-04      860
 6.63000000E-01       50 -2.3015222E-05  4.4596656E-04  5.8999213E-04      860
 6.64000000E-01       50 -2.4917026E-05  4.9511199E-04  6.5446965E-04      860
 6.65000000E-01       50 -2.6323751E-05  5.3587429E-04  7.0797775E-04      860
 6.66000000E-01       50 -2.7252813E-05  5.6776662E-04  7.4989770E-04      860
 6.67000000E-01       50 -2.7725855E-05  5.9045216E-04  7.7977910E-04      860
 6.68000000E-01       50 -2.7776140E-05  6.0376576E-04  7.9737554E-04      860
 6.69000000E-01       50 -2.7433278E-05  6.0766832E-04  8.0262677E-04      860
 6.70000000E-01       50 -2.6749282E-05  6.0231160E-04  7.9568822E-04      860
 6.71000000E-01       50 -2.5750295E-05  5.8794856E-04  7.7685684E-04      860
 6.72000000E-01       50 -2.4464804E-05  5.6495470E-04  7.4661166E-04      860
 6.73000000E-01       50 -2.2924900E-05  5.3385810E-04  7.0560111E-04      860
 6.74000000E-01       50 -2.1163508E-05  4.9526521E-04  6.5463608E-04      860
 6.75000000E-01       50 -1.9205032E-05  4.4990176E-04  5.9465099E-04      860
 6.76000000E-01       50 -1.7074174E-05  3.9855281E-04  5.2668335E-04      860
 6.77000000E-01       50 -1.4796637E-05  3.4210884E-04  4.5188565E-04      860
 6.78000000E-01       50 -1.2399346E-05  2.8148790E-04  3.7148292E-04      860
 6.79000000E-01       50 -9.9008786E-06  2.1768640E-04  2.8677633E-04      860
 6.80000000E-01       50 -7.3118214E-06  1.5173280E-04  1.9912644E-04      860
 6.81000000E-01       50 -4.6398315E-06  8.4813098E-05  1.0999874E-04      860
 6.82000000E-01       50 -1.9043595E-06  2.0573767E-05  2.2671871E-05      860
 6.83000000E-01       50  8.6243666E-07  5.1817480E-05  6.9667917E-05      860
 6.84000000E-01       50  3.6308383E-06  1.1590334E-04  1.5540329E-04      860
 6.85000000E-01       50  6.3761026E-06  1.7789241E-04  2.3787833E-04      860
 6.86000000E-01       50  9.0698058E-06  2.3643532E-04  3.1563836E-04      860
 6.87000000E-01       50  1.1681212E-05  2.9062720E-04  3.8753232E-04      860
 6.88000000E-01       50  1.4167244E-05  3.3972199E-04  4.5257931E-04      860
 6.89000000E-01       50  1.6480042E-05  3.8306641E-04  5.0990031E-04      860
 6.90000000E-01       50  1.8570417E-05  4.2008562E-04  5.5874238E-04      860
 6.91000000E-01       50  2.0390070E-05  4.5031390E-04  5.9849050E-04      860
 6.92000000E-01       50  2.1899163E-05  4.7341565E-04  6.2868394E-04      860
 6.93000000E-01       50  2.3066106E-05  4.8913280E-04  6.4900440E-04      860
 6.94000000E-01       50  2.3864049E-05  4.9733572E-04  6.5928333E-04      860
 6.95000000E-01       50  2.4268360E-05  4.9796937E-04  6.5948836E-04      860
 6.96000000E-01       50  2.4255933E-05  4.9115356E-04  6.4977461E-04      860
 6.97000000E-01       50  2.3821853E-05  4.7705722E-04  6.3039998E-04      860
 6.98000000E-01       50  2.2971789E-05  4.5597398E-04  6.0179346E-04      860
 6.99000000E-01       50  2.1709855E-05  4.2829838E-04  5.6450101E-04      860
 7.00000000E-01       50  2.0076638E-05  3.9454200E-04  5.1923434E-04      860
 7.01000000E-01       50  1.8097840E-05  3.5528012E-04  4.6675679E-04      860
 7.02000000E-01       50  1.5818726E-05  3.1117311E-04  4.0795966E-04      860
 7.03000000E-01       50  1.3293350E-05  2.6295862E-04  3.4383291E-04      860
 7.04000000E-01       50  1.0568134E-05  2.1142987E-04  2.7544248E-04      860
 7.05000000E-01       50  7.6952084E-06  1.5747193E-04  2.0390705E-04      860
 7.06000000E-01       50  4.7393640E-06  1.0205769E-04  1.3044130E-04      860
 7.07000000E-01       50  1.7649894E-06  4.6804564E-05  5.6691010E-05      860
 7.08000000E-01       50 -1.1671098E-06  1.8686461E-05  2.2835734E-05      860
 7.09000000E-01       50 -4.0002215E-06  6.8800086E-05  9.2806493E-05      860
 7.10000000E-01       50 -6.6778289E-06  1.2167092E-04  1.6285069E-04      860
 7.11000000E-01       50 -9.1542188E-06  1.7231379E-04  2.2959030E-04      860
 7.12000000E-01       50 -1.1395622E-05  2.1967509E-04  2.9189829E-04      860
 7.13000000E-01       50 -1.3373543E-05  2.6299417E-04  3.4884225E-04      860
 7.14000000E-01       50 -1.5071382E-05  3.0165601E-04  3.9963029E-04      860
 7.15000000E-01       50 -1.6472227E-05  3.3511174E-04  4.4357658E-04      860
 7.16000000E-01       50 -1.7561987E-05  3.6293926E-04  4.8012077E-04      860
 7.17000000E-01       50 -1.8338480E-05  3.8479050E-04  5.0882175E-04      860
 7.18000000E-01       50 -1.8812276E-05  4.0044166E-04  5.2936281E-04      860
 7.19000000E-01       50 -1.8992203E-05  4.0974500E-04  5.4157270E-04      860
 7.20000000E-01       50 -1.8878664E-05  4.1269165E-04  5.4540974E-04      860
 7.21000000E-01       50 -1.8511101E-05  4.0934351E-04  5.4096356E-04      860
 7.22000000E-01       50 -1.7909093E-05  3.9988646E-04  5.2843101E-04      860
 7.23000000E-01       50 -1.7092972E-05  3.8453841E-04  5.0811352E-04      860
 7.24000000E-01       50 -1.6083010E-05  3.6364337E-04  4.8045076E-04      860
 7.25000000E-01       50 -1.4895997E-05  3.3761077E-04  4.4598960E-04      860
 7.26000000E-01       50 -1.3547486E-05  3.0693872E-04  4.0535973E-04      860
 7.27000000E-01       50 -1.2060021E-05  2.7216415E-04  3.5927159E-04      860
 7.28000000E-01       50 -1.0448583E-05  2.3386541E-04  3.0850349E-04      860
 7.29000000E-01       50 -8.7296751E-06  1.9269255E-04  2.5388196E-04      860
 7.30000000E-01       50 -6.9230966E-06  1.4930560E-04  1.9630319E-04      860
 7.31000000E-01       50 -5.0439152E-06  1.0443665E-04  1.3669657E-04      860
 7.32000000E-01       50 -3.1119686E-06  5.8906493E-05  7.6072806E-05      860
 7.33000000E-01       50 -1.1514419E-06  1.5156376E-05  1.6611896E-05      860
 7.34000000E-01       50  8.1690927E-07  3.4469349E-05  4.6378481E-05      860
 7.35000000E-01       50  2.7731340E-06  7.8080080E-05  1.0472867E-04      860
 7.36000000E-01       50  4.6943167E-06  1.2034945E-04  1.6090262E-04      860
 7.37000000E-01       50  6.5540961E-06  1.6028091E-04  2.1387702E-04      860
 7.38000000E-01       50  8.3233611E-06  1.9726269E-04  2.6287545E-04      860
 7.39000000E-01       50  9.9759286E-06  2.3077365E-04  3.0721808E-04      860
 7.40000000E-01       50  1.1488004E-05  2.6035429E-04  3.4629918E-04      860
 7.41000000E-01       50  1.2836784E-05  2.8561981E-04  3.7960469E-04      860
 7.42000000E-01       50  1.3997002E-05  3.0625149E-04  4.0672004E-04      860
 7.43000000E-01       50  1.4947678E-05  3.2200750E-04  4.2731888E-04      860
 7.44000000E-01       50  1.5666957E-05  3.3271280E-04  4.4118845E-04      860
 7.45000000E-01       50  1.6134212E-05  3.3828640E-04  4.4821879E-04      860
 7.46000000E-01       50  1.6334956E-05  3.3870872E-04  4.4840615E-04      860
 7.47000000E-01       50  1.6260488E-05  3.3402739E-04  4.4182190E-04      860
 7.48000000E-01       50  1.5911107E-05  3.2439373E-04  4.2867873E-04      860
 7.49000000E-01       50  1.5296910E-05  3.1002357E-04  4.0926401E-04      860
 7.50000000E-01       50  1.4434444E-05  2.9117087E-04  3.8394306E-04      860
 7.51000000E-01       50  1.3329879E-05  2.6817981E-04  3.5319205E-04      860
 7.52000000E-01       50  1.2021273E-05  2.4147987E-04  3.1756949E-04      860
 7.53000000E-01       50  1.0528514E-05  2.1150208E-04  2.7765177E-04      860
 7.54000000E-01       50  8.8781711E-06  1.7875699E-04  2.3412647E-04      860
 7.55000000E-01       50  7.0968498E-06  1.4377440E-04  1.8769655E-04      860
 7.56000000E-01       50  5.2192880E-06  1.0715909E-04  1.3914036E-04      860
 7.57000000E-01       50  3.2870234E-06  6.9563053E-05  8.9263279E-05      860
 7.58000000E-01       50  1.3373224E-06  3.2000967E-05  3.9131246E-05      860
 7.59000000E-01       50 -5.9545057E-07  1.2065800E-05  1.4640710E-05      860
 7.60000000E-01       50 -2.4722861E-06  4.6135842E-05  6.2208920E-05      860
 7.61000000E-01       50 -4.2601690E-06  8.2014438E-05  1.0979044E-04      860
 7.62000000E-01       50 -5.9269283E-06  1.1636992E-04  1.5514582E-04      860
 7.63000000E-01       50 -7.4473804E-06  1.4852660E-04  1.9750658E-04      860
 7.64000000E-01       50 -8.8037753E-06  1.7795165E-04  2.3624204E-04      860
 7.65000000E-01       50 -9.9826579E-06  2.0424568E-04  2.7082095E-04      860
 7.66000000E-01       50 -1.0973075E-05  2.2702741E-04  3.0077301E-04      860
 7.67000000E-01       50 -1.1766637E-05  2.4601680E-04  3.2571695E-04      860
 7.68000000E-01       50 -1.2363889E-05  2.6097497E-04  3.4534623E-04      860
 7.69000000E-01       50 -1.2753582E-05  2.7171395E-04  3.5943910E-04      860
 7.70000000E-01       50 -1.2953510E-05  2.7818891E-04  3.6790095E-04      860
 7.71000000E-01       50 -1.2959398E-05  2.8035631E-04  3.7068389E-04      860
 7.72000000E-01       50 -1.2775847E-05  2.7824489E-04  3.6781097E-04      860
 7.73000000E-01       50 -1.2418656E-05  2.7197412E-04  3.5943629E-04      860
 7.74000000E-01       50 -1.1901004E-05  2.6168700E-04  3.4576001E-04      860
 7.75000000E-01       50 -1.1229269E-05  2.4761640E-04  3.2708750E-04      860
 7.76000000E-01       50 -1.0413583E-05  2.3004590E-04  3.0377305E-04      860
 7.77000000E-01       50 -9.4728116E-06  2.0929722E-04  2.7625257E-04      860
 7.78000000E-01       50 -8.4227276E-06  1.8572898E-04  2.4498932E-04      860
 7.79000000E-01       50 -7.2765033E-06  1.5974254E-04  2.1051872E-04      860
 7.80000000E-01       50 -6.0469996E-06  1.3178473E-04  1.7342711E-04      860
 7.81000000E-01       50 -4.7535581E-06  1.0230113E-04  1.3429739E-04      860
 7.82000000E-01       50 -3.4168839E-06  7.1783741E-05  9.3768386E-05      860
 7.83000000E-01       50 -2.0501433E-06  4.0795479E-05  5.2528013E-05      860
 7.84000000E-01       50 -6.7054060E-07  1.1008934E-05  1.2065529E-05      860
 7.85000000E-01       50  7.0406362E-07  2.2919167E-05  3.0850526E-05      860
 7.86000000E-01       50  2.0561772E-06  5.2584748E-05  7.0553173E-05      860
 7.87000000E-01       50  3.3692191E-06  8.1387255E-05  1.0880116E-04      860
 7.88000000E-01       50  4.6273800E-06  1.0861287E-04  1.4488886E-04      860
 7.89000000E-01       50  5.8160692E-06  1.3383222E-04  1.7827573E-04      860
 7.90000000E-01       50  6.9236236E-06  1.5668690E-04  2.0848883E-04      860
 7.91000000E-01       50  7.9375509E-06  1.7687523E-04  2.3512978E-04      860
 7.92000000E-01       50  8.8350202E-06  1.9410849E-04  2.5783679E-04      860
 7.93000000E-01       50  9.5926109E-06  2.0817712E-04  2.7632216E-04      860
 7.94000000E-01       50  1.0193651E-05  2.1892945E-04  2.9038927E-04      860
 7.95000000E-01       50  1.0631055E-05  2.2624689E-04  2.9987873E-04      860
 7.96000000E-01       50  1.0902580E-05  2.3004954E-04  3.0470147E-04      860
 7.97000000E-01       50  1.0999601E-05  2.3033428E-04  3.0486227E-04      860
 7.98000000E-01       50  1.0919442E-05  2.2716952E-04  3.0043612E-04      860
 7.99000000E-01       50  1.0665323E-05  2.2061927E-04  2.9153335E-04      860
 8.00000000E-01       50  1.0239515E-05  2.1084049E-04  2.7836813E-04      860
 8.01000000E-01       50  9.6504635E-06  1.9802378E-04  2.6119578E-04      860
 8.02000000E-01       50  8.9107489E-06  1.8239753E-04  2.4032381E-04      860
 8.03000000E-01       50  8.0304346E-06  1.6424888E-04  2.1613886E-04      860
 8.04000000E-01       50  7.0255805E-06  1.4387945E-04  1.8903873E-04      860
 8.05000000E-01       50  5.9387269E-06  1.2164449E-04  1.5949901E-04      860
 8.06000000E-01       50  4.7718071E-06  9.7879788E-05  1.2797582E-04      860
 8.07000000E-01       50  3.5408114E-06  7.3035670E-05  9.5010882E-05      860
 8.08000000E-01       50  2.2693417E-06  4.7515650E-05  6.1140674E-05      860
 8.09000000E-01       50  9.7957622E-07  2.1985371E-05  2.7069878E-05      860
 8.10000000E-01       50 -3.0254409E-07  7.8390103E-06  9.3954575E-06      860
 8.11000000E-01       50 -1.5483132E-06  3.0933508E-05  4.1690898E-05      860
 8.12000000E-01       50 -2.7358806E-06  5.5300917E-05  7.4035746E-05      860
 8.13000000E-01       50 -3.8515773E-06  7.8636713E-05  1.0486790E-04      860
 8.14000000E-01       50 -4.8797391E-06  1.0048080E-04  1.3368197E-04      860
 8.15000000E-01       50 -5.8079956E-06  1.2048869E-04  1.6004354E-04      860
 8.16000000E-01       50 -6.6287571E-06  1.3838044E-04  1.8359010E-04      860
 8.17000000E-01       50 -7.3331739E-06  1.5389250E-04  2.0400157E-04      860
 8.18000000E-01       50 -7.9043411E-06  1.6682903E-04  2.2100918E-04      860
 8.19000000E-01       50 -8.3545786E-06  1.7705602E-04  2.3444578E-04      860
 8.20000000E-01       50 -8.6701287E-06  1.8445152E-04  2.4412300E-04      860
 8.21000000E-01       50 -8.8468283E-06  1.8894361E-04  2.4996494E-04      860
 8.22000000E-01       50 -8.8800337E-06  1.9049251E-04  2.5193733E-04      860
 8.23000000E-01       50 -8.7764602E-06  1.8915116E-04  2.5007368E-04      860
 8.24000000E-01       50 -8.5520456E-06  1.8497693E-04  2.4446864E-04      860
 8.25000000E-01       50 -8.2120145E-06  1.7805844E-04  2.3525628E-04      860
 8.26000000E-01       50 -7.7591409E-06  1.6857968E-04  2.2264684E-04      860
 8.27000000E-01       50 -7.2065493E-06  1.5671038E-04  2.0687467E-04      860
 8.28000000E-01       50 -6.5670361E-06  1.4266517E-04  1.8822127E-04      860
 8.29000000E-01       50 -5.8467932E-06  1.2668554E-04  1.6701799E-04      860
 8.30000000E-01       50 -5.0511140E-06  1.0904398E-04  1.4361809E-04      860
 8.31000000E-01       50 -4.1923970E-06  9.0053386E-05  1.1841883E-04      860
 8.32000000E-01       50 -3.2872751E-06  7.0028603E-05  9.1841295E-05      860
 8.33000000E-01       50 -2.3489044E-06  4.9271368E-05  6.4289427E-05      860
 8.34000000E-01       50 -1.3920393E-06  2.8199349E-05  3.6251140E-05      860
 8.35000000E-01       50 -4.2927319E-07  7.8851259E-06  8.6956939E-06      860
 8.36000000E-01       50  5.2458822E-07  1.5236549E-05  2.0511730E-05      860
 8.37000000E-01       50  1.4561224E-06  3.5405707E-05  4.7516779E-05      860
 8.38000000E-01       50  2.3582508E-06  5.5017745E-05  7.3555872E-05      860
 8.39000000E-01       50  3.2237987E-06  7.3579482E-05  9.8137757E-05      860
 8.40000000E-01       50  4.0415781E-06  9.0771863E-05  1.2088197E-04      860
 8.41000000E-01       50  4.7972513E-06  1.0635511E-04  1.4146976E-04      860
 8.42000000E-01       50  5.4773094E-06  1.2010580E-04  1.5961048E-04      860
 8.43000000E-01       50  6.0710593E-06  1.3186327E-04  1.7509025E-04      860
 8.44000000E-01       50  6.5638901E-06  1.4146970E-04  1.8770910E-04      860
 8.45000000E-01       50  6.9488242E-06  1.4880974E-04  1.9730940E-04      860
 8.46000000E-01       50  7.2215132E-06  1.5380686E-04  2.0380067E-04      860
 8.47000000E-01       50  7.3772825E-06  1.5641065E-04  2.0712325E-04      860
 8.48000000E-01       50  7.4211072E-06  1.5663726E-04  2.0728007E-04      860
 8.49000000E-01       50  7.3573514E-06  1.5449330E-04  2.0430213E-04      860
 8.50000000E-01       50  7.1851128E-06  1.5004203E-04  1.9827454E-04      860
 8.51000000E-01       50  6.9010969E-06  1.4340766E-04  1.8935914E-04      860
 8.52000000E-01       50  6.5028009E-06  1.3471089E-04  1.7771580E-04      860
 8.53000000E-01       50  5.9979887E-06  1.2409669E-04  1.6355932E-04      860
 8.54000000E-01       50  5.4024150E-06  1.1177739E-04  1.4714262E-04      860
 8.55000000E-01       50  4.7276507E-06  9.7933532E-05  1.2874564E-04      860
 8.56000000E-01       50  3.9837762E-06  8.2825272E-05  1.0867476E-04      860
 8.57000000E-01       50  3.1897895E-06  6.6712633E-05  8.7287584E-05      860
 8.58000000E-01       50  2.3615868E-06  4.9821800E-05  6.4891824E-05      860
 8.59000000E-01       50  1.5194880E-06  3.2494004E-05  4.1886751E-05      860
 8.60000000E-01       50  6.7196900E-07  1.5148146E-05  1.8731395E-05      860
 8.61000000E-01       50 -1.5719026E-07  5.1192513E-06  6.0385767E-06      860
 8.62000000E-01       50 -9.6946877E-07  2.0755308E-05  2.7945189E-05      860
 8.63000000E-01       50 -1.7530256E-06  3.7305396E-05  4.9932356E-05      860
 8.64000000E-01       50 -2.4989094E-06  5.3164093E-05  7.0901724E-05      860
 8.65000000E-01       50 -3.1937216E-06  6.7997837E-05  9.0487989E-05      860
 8.66000000E-01       50 -3.8446885E-06  8.1615021E-05  1.0845412E-04      860
 8.67000000E-01       50 -4.4264765E-06  9.3791300E-05  1.2450154E-04      860
 8.68000000E-01       50 -4.9272511E-06  1.0436362E-04  1.3841426E-04      860
 8.69000000E-01       50 -5.3418927E-06  1.1319636E-04  1.5001794E-04      860
 8.70000000E-01       50 -5.6672818E-06  1.2018726E-04  1.5918896E-04      860
 8.71000000E-01       50 -5.8942560E-06  1.2525143E-04  1.6581658E-04      860
 8.72000000E-01       50 -6.0221389E-06  1.2834617E-04  1.6983416E-04      860
 8.73000000E-01       50 -6.0560273E-06  1.2945757E-04  1.7123322E-04      860
 8.74000000E-01       50 -5.9989098E-06  1.2858648E-04  1.7002132E-04      860
 8.75000000E-01       50 -5.8566365E-06  1.2579800E-04  1.6626385E-04      860
 8.76000000E-01       50 -5.6351738E-06  1.2115100E-04  1.6005809E-04      860
 8.77000000E-01       50 -5.3366254E-06  1.1474477E-04  1.5152852E-04      860
 8.78000000E-01       50 -4.9657446E-06  1.0671698E-04  1.4085098E-04      860
 8.79000000E-01       50 -4.5259784E-06  9.7194012E-05  1.2820856E-04      860
 8.80000000E-01       50 -4.0268935E-06  8.6370127E-05  1.1382873E-04      860
 8.81000000E-01       50 -3.4800491E-06  7.4403981E-05  9.7949515E-05      860
 8.82000000E-01       50 -2.8900511E-06  6.1514021E-05  8.0842883E-05      860
 8.83000000E-01       50 -2.2653136E-06  4.7888873E-05  6.2769690E-05      860
 8.84000000E-01       50 -1.6173302E-06  3.3783280E-05  4.4045970E-05      860
 8.85000000E-01       50 -9.5678516E-07  1.9454100E-05  2.4980350E-05      860
 8.86000000E-01       50 -2.9028734E-07  5.6140697E-06  6.2269061E-06      860
 8.87000000E-01       50  3.7133289E-07  1.0137570E-05  1.3651625E-05      860
 8.88000000E-01       50  1.0151300E-06  2.3848863E-05  3.2011288E-05      860
 8.89000000E-01       50  1.6388426E-06  3.7204658E-05  4.9730126E-05      860
 8.90000000E-01       50  2.2300402E-06  4.9839458E-05  6.6463826E-05      860
 8.91000000E-01       50  2.7755896E-06  6.1547624E-05  8.1948717E-05      860
 8.92000000E-01       50  3.2785023E-06  7.2174350E-05  9.5978870E-05      860
 8.93000000E-01       50  3.7370268E-06  8.1548752E-05  1.0834457E-04      860
 8.94000000E-01       50  4.1410231E-06  8.9565052E-05  1.1889788E-04      860
 8.95000000E-01       50  4.4798619E-06  9.6113358E-05  1.2749942E-04      860
 8.96000000E-01       50  4.7427407E-06  1.0112221E-04  1.3405750E-04      860
 8.97000000E-01       50  4.9234381E-06  1.0454078E-04  1.3850252E-04      860
 8.98000000E-01       50  5.0258629E-06  1.0633874E-04  1.4079307E-04      860
 8.99000000E-01       50  5.0503817E-06  1.0649928E-04  1.4092376E-04      860
 9.00000000E-01       50  4.9980676E-06  1.0505702E-04  1.3891999E-04      860
 9.01000000E-01       50  4.8704913E-06  1.0205409E-04  1.3485499E-04      860
 9.02000000E-01       50  4.6634237E-06  9.7550333E-05  1.2881422E-04      860
 9.03000000E-01       50  4.3802008E-06  9.1646539E-05  1.2092040E-04      860
 9.04000000E-01       50  4.0314589E-06  8.4446332E-05  1.1132252E-04      860
 9.05000000E-01       50  3.6286062E-06  7.6085486E-05  1.0018276E-04      860
 9.06000000E-01       50  3.1770147E-06  6.6685737E-05  8.7693899E-05      860
 9.07000000E-01       50  2.6820232E-06  5.6428994E-05  7.4072644E-05      860
 9.08000000E-01       50  2.1543089E-06  4.5482639E-05  5.9547258E-05      860
 9.09000000E-01       50  1.6031728E-06  3.4019553E-05  4.4341939E-05      860
 9.10000000E-01       50  1.0378846E-06  2.2232414E-05  2.8702635E-05      860
 9.11000000E-01       50  4.6974489E-07  1.0448768E-05  1.2964851E-05      860
 9.12000000E-01       50 -9.5136823E-08  3.3420257E-06  3.8932548E-06      860
 9.13000000E-01       50 -6.5123858E-07  1.3920575E-05  1.8756228E-05      860
 9.14000000E-01       50 -1.1864141E-06  2.5171875E-05  3.3708529E-05      860
 9.15000000E-01       50 -1.6907569E-06  3.5953234E-05  4.7964591E-05      860
 9.16000000E-01       50 -2.1595553E-06  4.6049707E-05  6.1294105E-05      860
 9.17000000E-01       50 -2.5869922E-06  5.5309627E-05  7.3507712E-05      860
 9.18000000E-01       50 -2.9660915E-06  6.3596074E-05  8.4434684E-05      860
 9.19000000E-01       50 -3.2970047E-06  7.0802895E-05  9.3916326E-05      860
 9.20000000E-01       50 -3.5822509E-06  7.6824859E-05  1.0183219E-04      860
 9.21000000E-01       50 -3.8127875E-06  8.1597383E-05  1.0809280E-04      860
 9.22000000E-01       50 -3.9789536E-06  8.5070878E-05  1.1263344E-04      860
 9.23000000E-01       50 -4.0780901E-06  8.7203605E-05  1.1540369E-04      860
 9.24000000E-01       50 -4.1134057E-06  8.7985409E-05  1.1638504E-04      860
 9.25000000E-01       50 -4.0868536E-06  8.7424065E-05  1.1559220E-04      860
 9.26000000E-01       50 -3.9962488E-06  8.5555460E-05  1.1307684E-04      860
 9.27000000E-01       50 -3.8421537E-06  8.2419357E-05  1.0888918E-04      860
 9.28000000E-01       50 -3.6368560E-06  7.8087137E-05  1.0312127E-04      860
 9.29000000E-01       50 -3.3892992E-06  7.2662254E-05  9.5898884E-05      860
 9.30000000E-01       50 -3.1014612E-06  6.6210533E-05  8.7326499E-05      860
 9.31000000E-01       50 -2.7760419E-06  5.8859853E-05  7.7557568E-05      860
 9.32000000E-01       50 -2.4112173E-06  5.0736628E-05  6.6774668E-05      860
 9.33000000E-01       50 -2.0032566E-06  4.1985534E-05  5.5165578E-05      860
 9.34000000E-01       50 -1.5650240E-06  3.2741454E-05  4.2893957E-05      860
 9.35000000E-01       50 -1.1127865E-06  2.3152170E-05  3.0165364E-05      860
 9.36000000E-01       50 -6.5307036E-07  1.3398365E-05  1.7201193E-05      860
 9.37000000E-01       50 -1.9348294E-07  3.9715914E-06  4.4321933E-06      860
 9.38000000E-01       50  2.5856534E-07  6.7383764E-06  9.0719503E-06      860
 9.39000000E-01       50  6.9975937E-07  1.6067156E-05  2.1567799E-05      860
 9.40000000E-01       50  1.1221808E-06  2.5155706E-05  3.3633453E-05      860
 9.41000000E-01       50  1.5242885E-06  3.3755895E-05  4.5014042E-05      860
 9.42000000E-01       50  1.9053179E-06  4.1734250E-05  5.5555251E-05      860
 9.43000000E-01       50  2.2536534E-06  4.8965475E-05  6.5107699E-05      860
 9.44000000E-01       50  2.5589046E-06  5.5358911E-05  7.3538796E-05      860
 9.45000000E-01       50  2.8190897E-06  6.0821103E-05  8.0728279E-05      860
 9.46000000E-01       50  3.0340056E-06  6.5293854E-05  8.6598590E-05      860
 9.47000000E-01       50  3.2024785E-06  6.8719831E-05  9.1079540E-05      860
 9.48000000E-01       50  3.3210780E-06  7.1054327E-05  9.4115746E-05      860
 9.49000000E-01       50  3.3891886E-06  7.2291751E-05  9.5693284E-05      860
 9.50000000E-01       50  3.4043394E-06  7.2407107E-05  9.5800862E-05      860
 9.51000000E-01       50  3.3689541E-06  7.1442204E-05  9.4460370E-05      860
 9.52000000E-01       50  3.2887856E-06  6.9406112E-05  9.1711634E-05      860
 9.53000000E-01       50  3.1596509E-06  6.6350738E-05  8.7628024E-05      860
 9.54000000E-01       50  2.9809820E-06  6.2355231E-05  8.2283706E-05      860
 9.55000000E-01       50  2.7592222E-06  5.7467085E-05  7.5777668E-05      860
 9.56000000E-01       50  2.4971250E-06  5.1787834E-05  6.8220596E-05      860
 9.57000000E-01       50  2.1997647E-06  4.5412573E-05  5.9748825E-05      860
 9.58000000E-01       50  1.8699242E-06  3.8449483E-05  5.0500531E-05      860
 9.59000000E-01       50  1.5127828E-06  3.1018810E-05  4.0626838E-05      860
 9.60000000E-01       50  1.1324349E-06  2.3245114E-05  3.0304275E-05      860
 9.61000000E-01       50  7.3281491E-07  1.5239252E-05  1.9681559E-05      860
 9.62000000E-01       50  3.2497669E-07  7.1945941E-06  8.9710759E-06      860
 9.63000000E-01       50 -7.5624596E-08  2.1637914E-06  2.4903889E-06      860
 9.64000000E-01       50 -4.5789896E-07  9.3361830E-06  1.2577415E-05      860
 9.65000000E-01       50 -8.1587788E-07  1.6979079E-05  2.2742831E-05      860
 9.66000000E-01       50 -1.1488518E-06  2.4310506E-05  3.2447841E-05      860
 9.67000000E-01       50 -1.4642368E-06  3.1191408E-05  4.1523625E-05      860
 9.68000000E-01       50 -1.7615296E-06  3.7490323E-05  4.9837990E-05      860
 9.69000000E-01       50 -2.0271791E-06  4.3124785E-05  5.7269147E-05      860
 9.70000000E-01       50 -2.2561051E-06  4.8031462E-05  6.3726345E-05      860
 9.71000000E-01       50 -2.4478232E-06  5.2134487E-05  6.9123339E-05      860
 9.72000000E-01       50 -2.5983581E-06  5.5401382E-05  7.3406347E-05      860
 9.73000000E-01       50 -2.7046554E-06  5.7781523E-05  7.6514286E-05      860
 9.74000000E-01       50 -2.7661272E-06  5.9249716E-05  7.8417969E-05      860
 9.75000000E-01       50 -2.7856874E-06  5.9802585E-05  7.9106753E-05      860
 9.76000000E-01       50 -2.7664786E-06  5.9436906E-05  7.8590124E-05      860
 9.77000000E-01       50 -2.7055927E-06  5.8184217E-05  7.6901661E-05      860
 9.78000000E-01       50 -2.6050241E-06  5.6071464E-05  7.4075056E-05      860
 9.79000000E-01       50 -2.4707439E-06  5.3147559E-05  7.0176201E-05      860
 9.80000000E-01       50 -2.3079379E-06  4.9466270E-05  6.5269223E-05      860
 9.81000000E-01       50 -2.1152631E-06  4.5089987E-05  5.9461508E-05      860
 9.82000000E-01       50 -1.8884080E-06  4.0110276E-05  5.2846770E-05      860
 9.83000000E-01       50 -1.6371128E-06  3.4604096E-05  4.5531864E-05      860
 9.84000000E-01       50 -1.3668365E-06  2.8655938E-05  3.7646978E-05      860
 9.85000000E-01       50 -1.0797261E-06  2.2373257E-05  2.9308124E-05      860
 9.86000000E-01       50 -7.8212627E-07  1.5865040E-05  2.0663929E-05      860
 9.87000000E-01       50 -4.7544205E-07  9.2383054E-06  1.1859949E-05      860
 9.88000000E-01       50 -1.6365248E-07  2.8190670E-06  3.1701959E-06      860
 9.89000000E-01       50  1.4678033E-07  4.4797396E-06  6.0245956E-06      860
 9.90000000E-01       50  4.5247752E-07  1.0814603E-05  1.4520260E-05      860
 9.91000000E-01       50  7.4841950E-07  1.6997325E-05  2.2724473E-05      860
 9.92000000E-01       50  1.0331843E-06  2.2859047E-05  3.0477712E-05      860
 9.93000000E-01       50  1.3038925E-06  2.8290656E-05  3.7655891E-05      860
 9.94000000E-01       50  1.5510696E-06  3.3217462E-05  4.4161926E-05      860
 9.95000000E-01       50  1.7640599E-06  3.7572544E-05  4.9908886E-05      860
 9.96000000E-01       50  1.9428799E-06  4.1299412E-05  5.4811358E-05      860
 9.97000000E-01       50  2.0910764E-06  4.4352289E-05  5.8819155E-05      860
 9.98000000E-01       50  2.2028647E-06  4.6684923E-05  6.1877446E-05      860
 9.99000000E-01       50  2.2754681E-06  4.8285814E-05  6.3961841E-05      860
 1.00000000E+00       50  2.3127367E-06  4.9128603E-05  6.5041005E-05      860
