************************************************************
*    Written  with RESOBLOK code                           *
*                  File :       essai_init.dat             *
*    Exchange Datafile between RESOBLOK and LMGC90 code    *
************************************************************
VERTEX  ( 0.000000e+00, 3.250000e+02, 0.000000e+00) 
	( 0.000000e+00, 3.250000e+02, 0.000000e+00) 
	( 0.000000e+00, 1.140000e+03, 0.000000e+00) 
	( 0.000000e+00, 1.140000e+03, 0.000000e+00) 
	( 1.000000e+02, 1.140000e+03,-3.966329e-11) 
	( 1.000000e+02, 1.140000e+03,-3.966329e-11) 
	( 1.000000e+02, 3.250000e+02,-3.966329e-11) 
	( 1.000000e+02, 3.250000e+02,-3.966329e-11) 
	( 5.156228e-10, 3.250000e+02, 1.300000e+03) 
	( 5.156228e-10, 3.250000e+02, 1.300000e+03) 
	( 5.156228e-10, 1.140000e+03, 1.300000e+03) 
	( 5.156228e-10, 1.140000e+03, 1.300000e+03) 
	( 1.000000e+02, 1.140000e+03, 1.300000e+03) 
	( 1.000000e+02, 1.140000e+03, 1.300000e+03) 
	( 1.000000e+02, 3.250000e+02, 1.300000e+03) 
	( 1.000000e+02, 3.250000e+02, 1.300000e+03) 
	( 1.000000e+02, 1.140000e+03, 8.150000e+02) 
	( 3.232558e-10, 1.140000e+03, 8.150000e+02) 
	( 1.000000e+02, 3.250000e+02, 1.191754e+02) 
	( 1.000000e+02, 1.140000e+03, 1.090454e+03) 
	( 4.325101e-10, 1.140000e+03, 1.090454e+03) 
	( 4.726888e-11, 3.250000e+02, 1.191754e+02) 
	( 3.379724e-10, 9.400000e+02, 8.521038e+02) 
	( 1.000000e+02, 9.400000e+02, 8.521038e+02) 
	( 1.000000e+02, 9.400000e+02, 1.300000e+03) 
	( 5.156228e-10, 9.400000e+02, 1.300000e+03) 
	( 1.000000e+02, 6.945498e+02, 5.595876e+02) 
	( 1.746820e-10, 5.945498e+02, 4.404123e+02) 
	( 1.746820e-10, 7.654123e+02, 4.404123e+02) 
	( 1.000000e+02, 8.845876e+02, 5.595876e+02) 
	( 1.000000e+02, 3.967928e+02, 7.179283e+01) 
	( 1.000000e+02, 3.250000e+02, 7.073785e+01) 
	( 3.925031e+01, 3.250000e+02,-1.556796e-11) 
	( 1.000000e+02, 4.906264e+02, 1.656264e+02) 
	( 1.491478e-11, 3.626035e+02, 3.760349e+01) 
	( 1.000000e+02, 3.608890e+02, 1.619462e+02) 
	( 6.643433e+01, 3.250000e+02, 1.191754e+02) 
	( 1.449170e-11, 3.250000e+02, 3.653682e+01) 
	( 1.000000e+02, 5.042804e+02, 1.792804e+02) 
	( 2.596390e-11, 3.904608e+02, 6.546078e+01) 
	( 1.000000e+02, 3.863156e+02, 1.922485e+02) 
	( 2.881814e-11, 3.250000e+02, 7.265697e+01) 
	( 3.682235e+01, 3.250000e+02, 1.191754e+02) 
	( 1.000000e+02, 6.360231e+02, 3.110231e+02) 
	( 7.430085e-11, 5.123290e+02, 1.873290e+02) 
	( 7.416526e-11, 3.819008e+02, 1.869872e+02) 
	( 1.000000e+02, 4.856487e+02, 3.106290e+02) 
	( 1.000000e+02, 7.162766e+02, 3.912766e+02) 
	( 1.079254e-10, 5.971041e+02, 2.721041e+02) 
	( 1.063421e-10, 4.499727e+02, 2.681120e+02) 
	( 1.000000e+02, 5.495236e+02, 3.867521e+02) 
	( 1.000000e+02, 7.547518e+02, 4.297519e+02) 
	( 1.265742e-10, 6.441218e+02, 3.191219e+02) 
	( 1.271702e-10, 4.940359e+02, 3.206246e+02) 
	( 1.000000e+02, 5.870139e+02, 4.314313e+02) 
	( 1.746820e-10, 6.178262e+02, 4.404123e+02) 
	( 6.230771e+01, 6.568575e+02, 5.146677e+02) 
	( 1.000000e+02, 6.951696e+02, 5.603263e+02) 
	( 1.777788e-10, 7.732200e+02, 4.482200e+02) 
	( 1.000000e+02, 8.953860e+02, 5.703860e+02) 
	( 1.741977e-10, 5.935253e+02, 4.391913e+02) 
	( 1.686143e-10, 5.817132e+02, 4.251143e+02) 
	( 1.000000e+02, 8.390405e+02, 5.140406e+02) 
	( 1.627728e-10, 7.353866e+02, 4.103866e+02) 
	( 1.000000e+02, 6.699306e+02, 5.302476e+02) 
	( 1.000000e+02, 7.504480e+02, 6.262045e+02) 
	( 2.049132e-10, 6.585057e+02, 5.166319e+02) 
	( 2.001401e-10, 8.295977e+02, 5.045977e+02) 
	( 1.000000e+02, 9.380117e+02, 6.130117e+02) 
	( 1.000000e+02, 8.654314e+02, 7.632363e+02) 
	( 2.555738e-10, 7.656811e+02, 6.443585e+02) 
	( 2.549258e-10, 9.677249e+02, 6.427249e+02) 
	( 1.000000e+02, 1.086449e+03, 7.614492e+02) 
	( 1.000000e+02, 9.053499e+02, 8.108094e+02) 
	( 2.758044e-10, 8.084802e+02, 6.953645e+02) 
	( 2.726150e-10, 1.012323e+03, 6.873231e+02) 
	( 1.000000e+02, 1.127063e+03, 8.020630e+02) 
	( 4.066451e-10, 1.085281e+03, 1.025243e+03) 
	( 4.051591e+01, 1.140000e+03, 1.090454e+03) 
	( 4.085708e-10, 1.140000e+03, 1.030098e+03) 
	( 4.015319e-10, 9.400000e+02, 1.012352e+03) 
	( 1.000000e+02, 9.400000e+02, 1.161321e+03) 
	( 1.000000e+02, 1.140000e+03, 1.179067e+03) 
	( 3.598537e-10, 1.140000e+03, 9.072715e+02) 
	( 3.581231e-10, 9.826299e+02, 9.029081e+02) 
	( 1.000000e+02, 1.083673e+03, 1.023327e+03) 
	( 1.000000e+02, 1.140000e+03, 1.024889e+03) 
	( 1.000000e+02, 9.400000e+02, 1.019344e+03) 
	( 3.576543e-10, 9.400000e+02, 9.017262e+02) 
	( 9.917612e+01, 9.400000e+02, 1.018375e+03) 
	( 3.587362e-10, 9.400000e+02, 9.044541e+02) 
	( 3.581110e-10, 9.815297e+02, 9.028776e+02) 
	( 1.000000e+02, 1.140000e+03, 1.011729e+03) 
	( 1.000000e+02, 1.075980e+03, 1.014159e+03) 
	( 3.580953e-10, 9.825712e+02, 9.028381e+02) 
	( 3.557250e-10, 1.140000e+03, 8.968620e+02) 
	( 1.000000e+02, 9.400000e+02, 1.019321e+03) 
	( 4.285598e-10, 1.140000e+03, 1.080495e+03) 
	( 8.012275e+00, 1.140000e+03, 1.090454e+03) 
	( 4.285122e-10, 1.131542e+03, 1.080375e+03) 
	( 4.274344e-10, 9.400000e+02, 1.077657e+03) 
	( 1.000000e+02, 9.400000e+02, 1.201961e+03) 
	( 1.000000e+02, 1.140000e+03, 1.204799e+03) 
	( 4.278352e-10, 1.130110e+03, 1.078668e+03) 
	( 1.067444e+01, 1.140000e+03, 1.090454e+03) 
	( 4.278986e-10, 1.140000e+03, 1.078828e+03) 
	( 1.000000e+02, 1.140000e+03, 1.187748e+03) 
	( 1.000000e+02, 9.400000e+02, 1.184517e+03) 
	( 4.266172e-10, 9.400000e+02, 1.075597e+03) 
	( 4.623347e-10, 9.400000e+02, 1.165649e+03) 
	( 1.000000e+02, 9.400000e+02, 1.289906e+03) 
	( 1.000000e+02, 1.140000e+03, 1.277389e+03) 
	( 4.573700e-10, 1.140000e+03, 1.153132e+03) 
	( 5.028466e+01, 6.446368e+02, 5.001036e+02) 
	( 5.000003e+01, 6.445499e+02, 5.000000e+02) 
	( 5.000003e+01, 6.491476e+02, 5.000000e+02) 
	( 3.915340e+01, 8.210521e+02, 4.960522e+02) 
	( 5.000003e+01, 8.250000e+02, 5.000000e+02) 
	( 1.000000e+02, 7.956553e+02, 5.181985e+02) 
	( 1.000000e+02, 8.431985e+02, 5.181985e+02) 
	( 8.247054e+01, 6.544666e+02, 5.118183e+02) 
	( 1.000000e+02, 6.598202e+02, 5.181985e+02) 
	( 1.910983e-10, 8.068015e+02, 4.818015e+02) 
	( 1.910983e-10, 6.292795e+02, 4.818015e+02) 
	( 5.008807e-10, 1.140000e+03, 1.262832e+03) 
	( 5.031364e-10, 9.400000e+02, 1.268519e+03) 
	( 8.061585e+01, 9.400000e+02, 1.300000e+03) 
	( 9.517966e+01, 1.140000e+03, 1.300000e+03) 
	( 1.520401e+01, 1.140000e+03, 1.300000e+03) 
	( 3.733947e+01, 9.400000e+02, 1.300000e+03) 
	( 5.097699e-10, 9.400000e+02, 1.285244e+03) 
	( 5.132396e-10, 1.140000e+03, 1.293991e+03) 
	( 1.000000e+02, 9.400000e+02, 1.145153e+03) 
	( 8.557171e+01, 9.400000e+02, 1.139827e+03) 
	( 5.567671e+01, 1.140000e+03, 1.113039e+03) 
	( 1.000000e+02, 1.140000e+03, 1.129402e+03) 
	( 4.533115e+01, 9.400000e+02, 1.124972e+03) 
	( 3.499377e+01, 9.400000e+02, 1.121156e+03) 
	( 1.372154e+01, 1.140000e+03, 1.097551e+03) 
	( 1.896832e+01, 1.140000e+03, 1.099488e+03) 
	( 4.395635e-10, 9.400000e+02, 1.108238e+03) 
	( 4.333158e-10, 1.140000e+03, 1.092486e+03) 
	( 1.000000e+02, 1.140000e+03, 1.147952e+03) 
	( 7.286440e+01, 1.140000e+03, 1.138644e+03) 
	( 8.877698e+01, 9.400000e+02, 1.144602e+03) 
	( 1.000000e+02, 9.400000e+02, 1.148452e+03) 
	( 4.666694e+01, 1.140000e+03, 1.129658e+03) 
	( 3.683829e+01, 1.140000e+03, 1.126286e+03) 
	( 4.054667e+01, 9.400000e+02, 1.128058e+03) 
	( 5.166674e+01, 9.400000e+02, 1.131873e+03) 
	( 4.417103e-10, 1.140000e+03, 1.113650e+03) 
	( 4.419086e-10, 9.400000e+02, 1.114150e+03) 
	( 2.697007e+01, 1.140000e+03, 1.070275e+03) 
	( 2.875364e+01, 1.124114e+03, 1.071523e+03) 
	( 7.438805e+01, 1.140000e+03, 1.090454e+03) 
	( 1.000000e+02, 9.400000e+02, 1.107503e+03) 
	( 4.942535e+01, 9.400000e+02, 1.085980e+03) 
	( 1.000000e+02, 1.140000e+03, 1.101354e+03) 
	( 4.199541e-10, 1.140000e+03, 1.058798e+03) 
	( 4.202699e-10, 1.114105e+03, 1.059594e+03) 
	( 4.223929e-10, 9.400000e+02, 1.064947e+03) 
	( 7.522086e+01, 1.058636e+03, 9.934883e+02) 
	( 3.832251e-10, 1.035735e+03, 9.661959e+02) 
	( 6.667035e+01, 1.140000e+03, 9.856874e+02) 
	( 3.809110e-10, 1.140000e+03, 9.603616e+02) 
	( 8.715938e+01, 9.450320e+02, 1.004380e+03) 
	( 8.727717e+01, 9.400000e+02, 1.004707e+03) 
	( 3.853498e-10, 9.400000e+02, 9.715529e+02) 
	( 8.259565e+01, 1.140000e+03, 9.917369e+02) 
	( 8.443452e+01, 1.061441e+03, 9.968314e+02) 
	( 8.768817e+01, 9.400000e+02, 1.004863e+03) 
	( 1.000000e+02, 1.066180e+03, 1.002479e+03) 
	( 1.000000e+02, 1.140000e+03, 9.983483e+02) 
	( 1.000000e+02, 9.400000e+02, 1.009540e+03) 
	( 3.960584e-10, 1.140000e+03, 9.985515e+02) 
	( 3.951406e-10, 1.060943e+03, 9.962375e+02) 
	( 1.000000e+02, 1.140000e+03, 1.035133e+03) 
	( 1.000000e+02, 1.092411e+03, 1.033740e+03) 
	( 3.937365e-10, 9.400000e+02, 9.926976e+02) 
	( 1.000000e+02, 9.400000e+02, 1.029279e+03) 
	( 3.749037e-10, 1.018130e+03, 9.452159e+02) 
	( 4.759624e+01, 1.030723e+03, 9.602230e+02) 
	( 3.772712e-10, 1.140000e+03, 9.511848e+02) 
	( 5.025372e+01, 1.140000e+03, 9.663787e+02) 
	( 4.593217e+01, 9.622958e+02, 9.563685e+02) 
	( 3.733860e-10, 9.400000e+02, 9.413893e+02) 
	( 4.364184e+01, 9.400000e+02, 9.545841e+02) 
	( 6.418668e+01, 1.140000e+03, 9.705911e+02) 
	( 5.311115e+01, 1.032182e+03, 9.619619e+02) 
	( 4.538993e+01, 9.400000e+02, 9.551126e+02) 
	( 1.000000e+02, 1.044587e+03, 9.767460e+02) 
	( 1.000000e+02, 1.140000e+03, 9.814190e+02) 
	( 1.000000e+02, 9.400000e+02, 9.716235e+02) 
	( 1.000000e+02, 9.962103e+02, 9.190926e+02) 
	( 3.494628e-10, 9.643087e+02, 8.810736e+02) 
	( 3.509397e-10, 1.140000e+03, 8.847972e+02) 
	( 1.000000e+02, 1.140000e+03, 9.221401e+02) 
	( 1.000000e+02, 9.400000e+02, 9.179013e+02) 
	( 3.492584e-10, 9.400000e+02, 8.805584e+02) 
	( 1.000000e+02, 9.786520e+02, 8.981675e+02) 
	( 3.421780e-10, 9.488973e+02, 8.627072e+02) 
	( 3.472736e-10, 1.140000e+03, 8.755542e+02) 
	( 1.000000e+02, 1.140000e+03, 9.090142e+02) 
	( 1.000000e+02, 9.400000e+02, 8.955690e+02) 
	( 3.419408e-10, 9.400000e+02, 8.621090e+02) 
	( 5.630341e+01, 1.076926e+03, 7.519256e+02) 
	( 5.231480e+01, 8.591574e+02, 7.557593e+02) 
	( 1.000000e+02, 1.093341e+03, 7.683414e+02) 
	( 1.000000e+02, 8.742477e+02, 7.737432e+02) 
	( 2.898489e-10, 1.055774e+03, 7.307737e+02) 
	( 2.919334e-10, 8.426021e+02, 7.360294e+02) 
	( 5.145427e+01, 1.028814e+03, 7.038136e+02) 
	( 5.541338e+01, 8.209561e+02, 7.102327e+02) 
	( 1.000000e+02, 1.047846e+03, 7.228458e+02) 
	( 1.000000e+02, 8.356774e+02, 7.277769e+02) 
	( 2.711546e-10, 1.008641e+03, 6.836412e+02) 
	( 2.730534e-10, 8.026602e+02, 6.884285e+02) 
	( 4.491267e+01, 1.021047e+03, 6.960471e+02) 
	( 3.287493e+01, 7.984739e+02, 6.834395e+02) 
	( 1.000000e+02, 1.040863e+03, 7.158635e+02) 
	( 1.000000e+02, 8.186077e+02, 7.074340e+02) 
	( 2.696671e-10, 1.004891e+03, 6.798909e+02) 
	( 2.664136e-10, 7.886133e+02, 6.716880e+02) 
	( 2.170926e-10, 8.723388e+02, 5.473388e+02) 
	( 5.377153e+01, 8.878936e+02, 5.628936e+02) 
	( 2.198848e-10, 6.901789e+02, 5.543785e+02) 
	( 4.690725e+01, 7.016333e+02, 5.680294e+02) 
	( 1.000000e+02, 9.012664e+02, 5.762664e+02) 
	( 1.000000e+02, 7.145981e+02, 5.834803e+02) 
	( 4.924252e+01, 8.829835e+02, 5.579835e+02) 
	( 2.132791e-10, 8.627242e+02, 5.377242e+02) 
	( 3.415838e+01, 6.899117e+02, 5.540601e+02) 
	( 2.141736e-10, 6.780965e+02, 5.399793e+02) 
	( 1.000000e+02, 8.017028e+02, 5.801141e+02) 
	( 7.871527e+01, 8.951092e+02, 5.701092e+02) 
	( 1.000000e+02, 7.126859e+02, 5.812014e+02) 
	( 1.000000e+02, 9.038662e+02, 5.788662e+02) 
	( 7.383551e+01, 8.534060e+02, 5.284060e+02) 
	( 6.157478e+01, 8.484435e+02, 5.234435e+02) 
	( 7.157683e+01, 6.662791e+02, 5.258959e+02) 
	( 7.180746e+01, 6.663573e+02, 5.259891e+02) 
	( 1.000000e+02, 8.639962e+02, 5.389962e+02) 
	( 1.000000e+02, 6.759189e+02, 5.373842e+02) 
	( 1.971128e-10, 6.420034e+02, 4.969653e+02) 
	( 1.977298e-10, 8.235210e+02, 4.985210e+02) 
	( 9.474733e+00, 6.031558e+02, 4.506685e+02) 
	( 8.182242e+00, 6.027321e+02, 4.501635e+02) 
	( 8.684462e+00, 6.232664e+02, 4.507621e+02) 
	( 2.664096e+00, 7.764746e+02, 4.514746e+02) 
	( 1.252613e+01, 7.803403e+02, 4.553404e+02) 
	( 6.212581e+01, 7.997824e+02, 4.747825e+02) 
	( 3.307860e+01, 6.108943e+02, 4.598909e+02) 
	( 1.000000e+02, 6.328344e+02, 4.860381e+02) 
	( 1.000000e+02, 8.146284e+02, 4.896284e+02) 
	( 1.786555e-10, 7.754303e+02, 4.504304e+02) 
	( 1.772817e-10, 6.000495e+02, 4.469666e+02) 
	( 6.851347e+01, 5.577383e+02, 3.965421e+02) 
	( 6.776469e+01, 7.190899e+02, 3.940900e+02) 
	( 1.000000e+02, 5.672685e+02, 4.078997e+02) 
	( 1.000000e+02, 7.306926e+02, 4.056927e+02) 
	( 1.474794e-10, 5.370011e+02, 3.718285e+02) 
	( 1.466347e-10, 6.946988e+02, 3.696988e+02) 
	( 1.000000e+02, 6.120424e+02, 3.109602e+02) 
	( 9.830651e+01, 6.339283e+02, 3.089283e+02) 
	( 1.000000e+02, 6.344260e+02, 3.094260e+02) 
	( 2.398230e+01, 4.738473e+02, 2.965646e+02) 
	( 8.840566e+00, 6.076396e+02, 2.826396e+02) 
	( 1.000000e+02, 4.927858e+02, 3.191347e+02) 
	( 1.148031e-10, 4.678725e+02, 2.894442e+02) 
	( 1.110738e-10, 6.050419e+02, 2.800419e+02) 
	( 9.055569e+01, 4.758504e+02, 2.989519e+02) 
	( 8.882006e+01, 6.221942e+02, 2.971942e+02) 
	( 1.000000e+02, 4.785911e+02, 3.022181e+02) 
	( 1.000000e+02, 6.260557e+02, 3.010558e+02) 
	( 1.061525e-10, 4.495717e+02, 2.676342e+02) 
	( 1.057088e-10, 5.915154e+02, 2.665154e+02) 
	( 1.505288e+01, 3.975179e+02, 2.055988e+02) 
	( 9.180581e+00, 5.236849e+02, 1.986849e+02) 
	( 1.000000e+02, 4.196598e+02, 2.319865e+02) 
	( 1.000000e+02, 5.517227e+02, 2.267227e+02) 
	( 7.969261e-11, 3.935943e+02, 2.009229e+02) 
	( 7.768080e-11, 5.208506e+02, 1.958506e+02) 
	( 1.000000e+02, 3.954663e+02, 2.031538e+02) 
	( 6.473126e-11, 4.882019e+02, 1.632019e+02) 
	( 1.000000e+02, 5.269647e+02, 2.019647e+02) 
	( 6.518071e-11, 3.628935e+02, 1.643351e+02) 
	( 9.074930e+01, 3.509980e+02, 1.501586e+02) 
	( 8.673757e+01, 4.736474e+02, 1.486474e+02) 
	( 1.000000e+02, 4.788921e+02, 1.538921e+02) 
	( 1.000000e+02, 3.540673e+02, 1.538164e+02) 
	( 4.951231e+01, 3.373159e+02, 1.338530e+02) 
	( 6.581824e+01, 4.653748e+02, 1.403749e+02) 
	( 1.239264e+01, 3.250000e+02, 1.191754e+02) 
	( 4.532628e-11, 3.250000e+02, 1.142777e+02) 
	( 4.535377e-11, 4.393470e+02, 1.143470e+02) 
	( 1.689595e+01, 3.250000e+02, 5.755392e+01) 
	( 1.389901e+01, 3.803974e+02, 5.539740e+01) 
	( 1.000000e+02, 3.250000e+02, 8.456966e+01) 
	( 1.000000e+02, 4.078026e+02, 8.280253e+01) 
	( 2.064924e-11, 3.250000e+02, 5.206133e+01) 
	( 2.021776e-11, 3.759735e+02, 5.097348e+01) 
	( 7.152578e+01, 3.250000e+02, 3.758204e+01) 
	( 7.189633e+01, 3.635805e+02, 3.858046e+01) 
	( 1.000000e+02, 3.250000e+02, 4.705050e+01) 
	( 1.000000e+02, 3.731426e+02, 4.814260e+01) 
	( 5.472654e-12, 3.250000e+02, 1.379778e+01) 
	( 5.599682e-12, 3.391180e+02, 1.411805e+01) 
	( 2.018133e-10, 8.338163e+02, 5.088163e+02) 
	( 3.346856e+00, 8.332262e+02, 5.082262e+02) 
	( 2.018133e-10, 7.696210e+02, 5.088163e+02) 
	( 4.334542e+01, 8.261733e+02, 5.011734e+02) 
	( 1.771766e+01, 8.306923e+02, 5.056923e+02) 
	( 2.041467e+01, 6.489272e+02, 5.052167e+02) 
	( 2.018133e-10, 6.519476e+02, 5.088163e+02) 
	( 5.017382e+01, 6.445241e+02, 4.999694e+02) 
	( 6.818016e+01, 6.418600e+02, 4.967943e+02) 
	( 8.115462e+01, 8.195065e+02, 4.945066e+02) 
	( 1.000000e+02, 8.161836e+02, 4.911837e+02) 
	( 1.000000e+02, 6.371520e+02, 4.911837e+02) 
	( 8.355396e+01, 9.400000e+02, 1.300000e+03) 
	( 1.000000e+02, 9.400000e+02, 1.296606e+03) 
	( 1.000000e+02, 1.050491e+03, 1.300000e+03) 
	( 4.930553e-10, 1.140000e+03, 1.243102e+03) 
	( 6.321891e+01, 1.140000e+03, 1.231686e+03) 
	( 4.922037e-10, 9.400000e+02, 1.240955e+03) 
	( 5.291481e+01, 9.400000e+02, 1.231400e+03) 
	( 1.000000e+02, 1.140000e+03, 1.225044e+03) 
	( 1.000000e+02, 9.400000e+02, 1.222897e+03) 
	( 4.263868e+01, 1.140000e+03, 1.206114e+03) 
	( 4.827146e-10, 1.140000e+03, 1.217031e+03) 
	( 3.215308e+01, 9.400000e+02, 1.205602e+03) 
	( 4.814467e-10, 9.400000e+02, 1.213834e+03) 
	( 9.083990e+01, 9.400000e+02, 1.190575e+03) 
	( 9.107953e+01, 1.140000e+03, 1.193710e+03) 
	( 1.000000e+02, 9.400000e+02, 1.188229e+03) 
	( 1.000000e+02, 1.140000e+03, 1.191426e+03) 
	( 2.920613e+01, 1.062332e+03, 1.109385e+03) 
	( 2.518814e+01, 1.032192e+03, 1.110275e+03) 
	( 3.173110e+01, 9.400000e+02, 1.110159e+03) 
	( 2.675100e+01, 9.400000e+02, 1.110910e+03) 
	( 1.289799e+01, 9.400000e+02, 1.112999e+03) 
	( 2.760300e+01, 1.140000e+03, 1.108893e+03) 
	( 2.336054e+01, 1.140000e+03, 1.109533e+03) 
	( 3.956013e+01, 1.140000e+03, 1.107090e+03) 
	( 4.417952e-10, 1.054401e+03, 1.113864e+03) 
	( 1.607864e+00, 9.400000e+02, 1.114702e+03) 
	( 4.414746e-10, 1.140000e+03, 1.113056e+03) 
	( 4.422236e-10, 9.400000e+02, 1.114944e+03) 
	( 8.674479e+01, 9.400000e+02, 1.101862e+03) 
	( 6.253712e+01, 9.400000e+02, 1.105513e+03) 
	( 9.413683e+01, 1.140000e+03, 1.098859e+03) 
	( 5.056841e+01, 1.140000e+03, 1.105430e+03) 
	( 1.000000e+02, 9.400000e+02, 1.099863e+03) 
	( 1.000000e+02, 1.140000e+03, 1.097974e+03) 
	( 2.608430e+01, 1.123185e+03, 1.070415e+03) 
	( 2.689204e+01, 1.140000e+03, 1.070242e+03) 
	( 2.694195e+01, 1.140000e+03, 1.070234e+03) 
	( 2.787270e+01, 1.122925e+03, 1.070105e+03) 
	( 1.728293e+01, 9.400000e+02, 1.072302e+03) 
	( 3.784309e+01, 9.400000e+02, 1.068726e+03) 
	( 4.263582e-10, 1.126985e+03, 1.074944e+03) 
	( 4.263482e-10, 1.140000e+03, 1.074919e+03) 
	( 4.265022e-10, 9.400000e+02, 1.075307e+03) 
	( 1.000000e+02, 1.112417e+03, 1.057582e+03) 
	( 1.000000e+02, 1.140000e+03, 1.057528e+03) 
	( 1.000000e+02, 9.400000e+02, 1.057917e+03) 
	( 3.388286e+00, 9.400000e+02, 1.017399e+03) 
	( 4.037519e-10, 9.400000e+02, 1.017949e+03) 
	( 4.035916e-10, 9.985214e+02, 1.017544e+03) 
	( 3.870224e+01, 1.073122e+03, 1.010752e+03) 
	( 3.411995e+01, 1.140000e+03, 1.011033e+03) 
	( 8.166336e+01, 1.140000e+03, 1.003322e+03) 
	( 8.355112e+01, 1.067053e+03, 1.003520e+03) 
	( 4.782320e+01, 9.400000e+02, 1.010192e+03) 
	( 8.559151e+01, 9.400000e+02, 1.004066e+03) 
	( 8.656161e+01, 9.507202e+02, 1.003835e+03) 
	( 8.957057e+01, 1.066238e+03, 1.002549e+03) 
	( 9.131791e+01, 1.140000e+03, 1.001756e+03) 
	( 8.693074e+01, 9.547997e+02, 1.003747e+03) 
	( 1.000000e+02, 1.099235e+03, 1.000629e+03) 
	( 1.000000e+02, 1.140000e+03, 1.000348e+03) 
	( 9.692423e+01, 1.065243e+03, 1.001363e+03) 
	( 4.033728e-10, 1.078359e+03, 1.016993e+03) 
	( 4.032040e-10, 1.140000e+03, 1.016567e+03) 
	( 8.658012e+01, 9.400000e+02, 1.003906e+03) 
	( 8.670387e+01, 9.452227e+02, 1.003850e+03) 
	( 8.683904e+01, 9.400000e+02, 1.003864e+03) 
	( 1.000000e+02, 1.064827e+03, 1.000867e+03) 
	( 1.000000e+02, 9.400000e+02, 1.001729e+03) 
	( 3.758267e-10, 1.065644e+03, 9.475430e+02) 
	( 7.243029e+00, 1.020047e+03, 9.474997e+02) 
	( 3.332929e+01, 1.016307e+03, 9.430429e+02) 
	( 2.833669e+01, 1.140000e+03, 9.406004e+02) 
	( 3.750364e-10, 1.140000e+03, 9.455505e+02) 
	( 1.995815e+01, 9.400000e+02, 9.474235e+02) 
	( 3.533013e+01, 9.667354e+02, 9.440218e+02) 
	( 3.510458e+01, 9.400000e+02, 9.447776e+02) 
	( 3.679171e+01, 1.140000e+03, 9.391234e+02) 
	( 3.574536e+01, 1.015961e+03, 9.426301e+02) 
	( 3.640920e+01, 9.400000e+02, 9.445497e+02) 
	( 3.763004e-10, 1.021085e+03, 9.487371e+02) 
	( 3.771622e-10, 9.400000e+02, 9.509100e+02) 
	( 1.000000e+02, 1.140000e+03, 9.280817e+02) 
	( 1.000000e+02, 1.006749e+03, 9.316525e+02) 
	( 1.000000e+02, 9.400000e+02, 9.334412e+02) 
	( 3.843428e-10, 1.140000e+03, 9.690140e+02) 
	( 1.623968e+01, 1.140000e+03, 9.665305e+02) 
	( 3.828965e-10, 1.050541e+03, 9.653674e+02) 
	( 4.645438e+01, 1.140000e+03, 9.619100e+02) 
	( 4.536051e+01, 1.028464e+03, 9.575308e+02) 
	( 4.116465e+01, 1.029021e+03, 9.581951e+02) 
	( 3.916199e+01, 1.140000e+03, 9.630251e+02) 
	( 4.333722e+01, 9.400000e+02, 9.542342e+02) 
	( 4.471653e+01, 9.628048e+02, 9.549528e+02) 
	( 4.277094e+01, 9.400000e+02, 9.543208e+02) 
	( 4.866117e+01, 1.028025e+03, 9.570082e+02) 
	( 5.543367e+01, 1.140000e+03, 9.605368e+02) 
	( 4.449283e+01, 9.400000e+02, 9.540575e+02) 
	( 3.826370e-10, 1.034491e+03, 9.647132e+02) 
	( 3.811093e-10, 9.400000e+02, 9.608615e+02) 
	( 1.000000e+02, 1.021204e+03, 9.488792e+02) 
	( 1.000000e+02, 1.140000e+03, 9.537216e+02) 
	( 1.000000e+02, 9.400000e+02, 9.455691e+02) 
	( 1.685184e+01, 9.996577e+02, 9.232009e+02) 
	( 3.671703e-10, 1.001770e+03, 9.257183e+02) 
	( 3.701555e-10, 1.140000e+03, 9.332447e+02) 
	( 1.969556e+01, 1.140000e+03, 9.304370e+02) 
	( 1.634581e+01, 9.746850e+02, 9.219133e+02) 
	( 1.386351e+01, 9.400000e+02, 9.203787e+02) 
	( 3.658364e-10, 9.400000e+02, 9.223550e+02) 
	( 2.817690e+01, 1.140000e+03, 9.292278e+02) 
	( 1.812164e+01, 9.994985e+02, 9.230112e+02) 
	( 1.564294e+01, 9.400000e+02, 9.201250e+02) 
	( 9.389300e+01, 1.140000e+03, 9.198596e+02) 
	( 8.430332e+01, 9.912028e+02, 9.131249e+02) 
	( 8.100334e+01, 9.400000e+02, 9.108074e+02) 
	( 1.000000e+02, 1.140000e+03, 9.189890e+02) 
	( 1.000000e+02, 9.892352e+02, 9.107801e+02) 
	( 1.000000e+02, 9.400000e+02, 9.080993e+02) 
	( 1.000000e+02, 8.947188e+02, 7.981396e+02) 
	( 1.000000e+02, 1.120561e+03, 7.955607e+02) 
	( 9.074052e+01, 8.963802e+02, 8.001198e+02) 
	( 9.522193e+01, 1.121581e+03, 7.965807e+02) 
	( 3.250505e-10, 9.126630e+02, 8.195247e+02) 
	( 3.240208e-10, 1.140000e+03, 8.169287e+02) 
	( 8.933495e+00, 1.140000e+03, 8.150000e+02) 
	( 1.000000e+02, 8.754459e+02, 7.751711e+02) 
	( 1.000000e+02, 1.105239e+03, 7.802385e+02) 
	( 7.349504e+01, 8.796746e+02, 7.802108e+02) 
	( 8.369153e+01, 1.108351e+03, 7.833507e+02) 
	( 3.150000e-10, 8.914006e+02, 7.941852e+02) 
	( 3.170372e-10, 1.124322e+03, 7.993216e+02) 
	( 2.838847e-10, 1.040737e+03, 7.157366e+02) 
	( 2.172538e+01, 1.037251e+03, 7.122508e+02) 
	( 2.842647e-10, 8.263784e+02, 7.166946e+02) 
	( 1.622049e+01, 8.241930e+02, 7.140902e+02) 
	( 5.809190e+01, 1.031416e+03, 7.064158e+02) 
	( 5.383408e+01, 9.038710e+02, 7.076721e+02) 
	( 5.417540e+01, 1.032044e+03, 7.070443e+02) 
	( 5.101768e+01, 8.195048e+02, 7.085031e+02) 
	( 8.688160e+01, 8.146729e+02, 7.027447e+02) 
	( 5.360848e+01, 8.191557e+02, 7.080871e+02) 
	( 6.891097e+01, 1.029680e+03, 7.046799e+02) 
	( 1.000000e+02, 1.024692e+03, 6.996918e+02) 
	( 1.000000e+02, 8.129055e+02, 7.006384e+02) 
	( 9.232435e+01, 7.433908e+02, 6.177941e+02) 
	( 2.512199e-10, 7.564701e+02, 6.333813e+02) 
	( 9.501032e+01, 9.326022e+02, 6.076022e+02) 
	( 2.473073e-10, 9.485168e+02, 6.235168e+02) 
	( 1.000000e+02, 9.317664e+02, 6.067664e+02) 
	( 1.000000e+02, 7.423035e+02, 6.164982e+02) 
	( 7.753272e+01, 7.297911e+02, 6.015865e+02) 
	( 2.439333e-10, 7.410551e+02, 6.150104e+02) 
	( 8.668503e+01, 9.235764e+02, 5.985765e+02) 
	( 2.433610e-10, 9.385674e+02, 6.135674e+02) 
	( 1.000000e+02, 9.212738e+02, 5.962738e+02) 
	( 1.000000e+02, 7.265270e+02, 5.976965e+02) 
	( 8.690333e+01, 6.901699e+02, 5.134317e+02) 
	( 8.606224e+01, 6.576351e+02, 5.155944e+02) 
	( 7.120299e+01, 8.327172e+02, 5.077172e+02) 
	( 5.843397e+01, 8.350511e+02, 5.100512e+02) 
	( 6.616554e+01, 6.607154e+02, 5.192653e+02) 
	( 9.056351e+01, 6.569382e+02, 5.147639e+02) 
	( 1.273485e+01, 8.434041e+02, 5.184041e+02) 
	( 2.065393e-10, 8.457318e+02, 5.207318e+02) 
	( 2.107996e-10, 6.709587e+02, 5.314728e+02) 
	( 1.159243e+01, 6.691640e+02, 5.293340e+02) 
	( 5.163034e+01, 8.362947e+02, 5.112947e+02) 
	( 6.611137e+01, 6.607238e+02, 5.192753e+02) 
	( 5.861760e+01, 6.618839e+02, 5.206579e+02) 
	( 3.780349e+01, 8.388220e+02, 5.138220e+02) 
	( 9.049726e+01, 8.291906e+02, 5.041906e+02) 
	( 1.000000e+02, 6.554773e+02, 5.130229e+02) 
	( 1.000000e+02, 8.274536e+02, 5.024537e+02) 
	( 5.247749e+01, 6.506996e+02, 5.029525e+02) 
	( 5.250455e+01, 6.470544e+02, 5.029848e+02) 
	( 5.264417e+01, 6.470351e+02, 5.029618e+02) 
	( 5.642723e+01, 6.465128e+02, 5.023393e+02) 
	( 5.117302e+01, 8.263979e+02, 5.013979e+02) 
	( 5.301113e+01, 8.260959e+02, 5.010959e+02) 
	( 2.025751e-10, 7.423146e+02, 5.107370e+02) 
	( 4.170826e+00, 8.341195e+02, 5.091195e+02) 
	( 2.022053e-10, 8.348047e+02, 5.098047e+02) 
	( 4.443527e+01, 8.275048e+02, 5.025048e+02) 
	( 2.577451e+01, 6.507450e+02, 5.073831e+02) 
	( 1.982957e+01, 8.315471e+02, 5.065471e+02) 
	( 2.029270e-10, 6.543037e+02, 5.116242e+02) 
	( 8.279176e+01, 8.212035e+02, 4.962036e+02) 
	( 7.115010e+01, 6.444800e+02, 4.999167e+02) 
	( 1.000000e+02, 6.404966e+02, 4.951696e+02) 
	( 1.000000e+02, 8.183765e+02, 4.933766e+02) 
	( 3.599887e+01, 6.298842e+02, 4.613880e+02) 
	( 4.703463e+01, 7.841398e+02, 4.591399e+02) 
	( 3.012415e+01, 7.872384e+02, 4.622384e+02) 
	( 2.005504e+01, 6.303893e+02, 4.643130e+02) 
	( 2.007162e+01, 6.146215e+02, 4.643327e+02) 
	( 2.066510e+01, 6.145302e+02, 4.642240e+02) 
	( 1.988812e+01, 7.891140e+02, 4.641140e+02) 
	( 1.390726e+01, 7.902099e+02, 4.652099e+02) 
	( 3.474549e+01, 6.123648e+02, 4.616434e+02) 
	( 3.666396e+01, 6.120698e+02, 4.612917e+02) 
	( 1.856287e-10, 6.177082e+02, 4.680114e+02) 
	( 1.855283e-10, 7.927582e+02, 4.677582e+02) 
	( 1.000000e+02, 6.023295e+02, 4.496837e+02) 
	( 1.000000e+02, 7.744348e+02, 4.494348e+02) 
	( 8.777521e-01, 5.944175e+02, 4.402546e+02) 
	( 1.746779e-10, 5.945412e+02, 4.404020e+02) 
	( 6.843275e-01, 6.182549e+02, 4.412279e+02) 
	( 1.746820e-10, 5.948012e+02, 4.404123e+02) 
	( 1.763714e-10, 7.025972e+02, 4.446716e+02) 
	( 5.157411e+00, 7.715587e+02, 4.465587e+02) 
	( 1.774658e-10, 7.724308e+02, 4.474309e+02) 
	( 3.072528e+01, 7.672346e+02, 4.422346e+02) 
	( 1.253772e+01, 5.927737e+02, 4.382956e+02) 
	( 1.000000e+02, 5.804435e+02, 4.236011e+02) 
	( 9.386380e+01, 5.813086e+02, 4.246320e+02) 
	( 1.000000e+02, 7.398802e+02, 4.299008e+02) 
	( 1.000000e+02, 7.555186e+02, 4.305187e+02) 
	( 3.342781e+00, 7.388515e+02, 4.138515e+02) 
	( 1.636774e-10, 7.115903e+02, 4.126672e+02) 
	( 1.643861e-10, 7.394539e+02, 4.144539e+02) 
	( 5.812868e+01, 5.545952e+02, 3.927962e+02) 
	( 6.416231e+01, 5.536927e+02, 3.917208e+02) 
	( 6.820667e+01, 6.238486e+02, 3.955374e+02) 
	( 8.285703e+01, 7.245222e+02, 3.995223e+02) 
	( 7.410129e+01, 7.261001e+02, 4.011002e+02) 
	( 1.599055e-10, 5.632891e+02, 4.031573e+02) 
	( 1.000000e+02, 5.483327e+02, 3.853329e+02) 
	( 9.896001e+01, 5.484882e+02, 3.855182e+02) 
	( 1.000000e+02, 5.858244e+02, 3.877371e+02) 
	( 1.000000e+02, 7.214329e+02, 3.964330e+02) 
	( 4.006990e+01, 6.168161e+02, 2.918161e+02) 
	( 2.032872e+01, 6.213304e+02, 2.963304e+02) 
	( 2.629184e+01, 4.761464e+02, 2.993047e+02) 
	( 3.019252e+01, 4.753944e+02, 2.984085e+02) 
	( 1.193782e-10, 6.259790e+02, 3.009790e+02) 
	( 1.211100e-10, 4.812151e+02, 3.053454e+02) 
	( 6.003309e+01, 6.122510e+02, 2.872510e+02) 
	( 6.551693e+01, 4.685843e+02, 2.902925e+02) 
	( 1.000000e+02, 6.031116e+02, 2.781117e+02) 
	( 1.000000e+02, 4.619364e+02, 2.823698e+02) 
	( 7.754429e+01, 6.082467e+02, 2.832467e+02) 
	( 8.072591e+01, 4.656522e+02, 2.867982e+02) 
	( 1.000000e+02, 5.642933e+02, 2.392933e+02) 
	( 1.000000e+02, 4.278317e+02, 2.417254e+02) 
	( 4.807426e+01, 5.717940e+02, 2.467940e+02) 
	( 5.011602e+01, 4.338951e+02, 2.489515e+02) 
	( 1.006410e-10, 5.787384e+02, 2.537384e+02) 
	( 1.016218e-10, 4.399868e+02, 2.562113e+02) 
	( 7.839503e-11, 3.908492e+02, 1.976514e+02) 
	( 7.248721e+00, 3.894212e+02, 1.959496e+02) 
	( 7.584262e-11, 5.162162e+02, 1.912162e+02) 
	( 2.644573e+00, 5.156002e+02, 1.906002e+02) 
	( 5.348146e+01, 3.803139e+02, 1.850959e+02) 
	( 4.514458e+01, 5.057012e+02, 1.807012e+02) 
	( 9.171768e+01, 4.948535e+02, 1.698535e+02) 
	( 8.701061e+01, 3.737090e+02, 1.772246e+02) 
	( 1.000000e+02, 3.711503e+02, 1.741752e+02) 
	( 1.000000e+02, 4.929244e+02, 1.679244e+02) 
	( 5.146111e+00, 4.470443e+02, 1.935067e+02) 
	( 7.723500e-11, 4.478263e+02, 1.947267e+02) 
	( 2.476703e+00, 3.844704e+02, 1.900494e+02) 
	( 7.561591e-11, 3.849698e+02, 1.906446e+02) 
	( 7.921568e-11, 5.247205e+02, 1.997204e+02) 
	( 7.822664e-11, 4.863236e+02, 1.972268e+02) 
	( 7.014244e+00, 5.230161e+02, 1.980161e+02) 
	( 4.949268e+01, 4.403054e+02, 1.829933e+02) 
	( 4.186159e+01, 3.765290e+02, 1.805853e+02) 
	( 1.000000e+02, 4.326303e+02, 1.710193e+02) 
	( 8.936281e+01, 4.342467e+02, 1.735411e+02) 
	( 8.164985e+01, 3.685063e+02, 1.710242e+02) 
	( 1.000000e+02, 3.648063e+02, 1.666146e+02) 
	( 8.372985e+00, 5.226859e+02, 1.976859e+02) 
	( 5.790960e+01, 5.106493e+02, 1.856493e+02) 
	( 1.000000e+02, 5.004219e+02, 1.754220e+02) 
	( 9.720641e+01, 5.011007e+02, 1.761008e+02) 
	( 4.183719e-11, 3.250000e+02, 1.054809e+02) 
	( 2.316947e+01, 3.250000e+02, 1.019274e+02) 
	( 4.094903e-11, 4.282417e+02, 1.032416e+02) 
	( 2.932594e+01, 4.238394e+02, 9.883945e+01) 
	( 1.000000e+02, 4.132304e+02, 8.823039e+01) 
	( 1.000000e+02, 3.250000e+02, 9.014405e+01) 
	( 4.588986e+01, 4.213530e+02, 9.635300e+01) 
	( 4.934155e+01, 3.250000e+02, 9.791345e+01) 
	( 9.347983e+01, 3.709242e+02, 4.592414e+01) 
	( 9.542017e+01, 3.250000e+02, 4.552758e+01) 
	( 1.000000e+02, 3.697612e+02, 4.476122e+01) 
	( 1.000000e+02, 3.250000e+02, 4.471163e+01) 
	( 1.713543e+01, 3.845407e+02, 5.954076e+01) 
	( 2.340391e+01, 3.834227e+02, 5.842272e+01) 
	( 1.827670e+01, 3.250000e+02, 5.927146e+01) 
	( 2.079771e+01, 3.250000e+02, 5.882232e+01) 
	( 2.482803e-11, 3.875970e+02, 6.259699e+01) 
	( 2.480052e-11, 3.250000e+02, 6.252764e+01) 
	( 8.012584e+01, 3.733059e+02, 4.830593e+01) 
	( 8.061470e+01, 3.250000e+02, 4.816532e+01) 
	( 4.287614e+01, 3.292849e+02, 4.284943e+00) 
	( 4.292336e+01, 3.250000e+02, 4.276958e+00) 
	( 6.880679e+01, 3.250000e+02,-2.729103e-11) 
	( 4.509743e-12, 3.363701e+02, 1.137007e+01) 
	( 4.509551e-12, 3.250000e+02, 1.136958e+01) 

BLOCK	FACE      587   590   576   573 
	FACE      590   591   577   576 
	FACE      581   587   573   570 
	FACE      582   581   570   569 
	FACE      282   573   576    40 
	FACE       40   576   577 
	FACE      570   573   282   278   276 
	FACE      280   569   570   276 
	FACE      274   568   566   562   558 
	FACE      562   566   564   560 
	FACE      558   562   270 
	FACE      562   560   272   270 
	FACE      267   554   558   270    46 
	FACE       53   556   553   548   542 
	FACE      547   548   553   554   267 
	FACE      258   256   542   548    50 
	FACE      548   547    50 
	FACE       61   546   541   256   535   533 
	FACE      256   541   542 
	FACE      251   533   535    54   523   520 
	FACE      535   534    54 
	FACE      525   533   251   245 
	FACE      526   525   245   246    27 
	FACE      252   520   523 
	FACE      123   521   515   114 
	FACE      519   520   252   318   315 
	FACE      516   519   315   314 
	FACE      515   516   314   114 
	FACE      120   508   509   492   482 
	FACE      120   497   508 
	FACE       66   506   504   489   486 
	FACE      489   504   495    56   488 
	FACE      496   497   120   478   481    56 
	FACE       56   495   496 
	FACE      121   482   492 
	FACE      486   489   239    57   235   231 
	FACE      489   488   239 
	FACE      488   481   240   239 
	FACE      232   485   486   231 
	FACE      478   482   121    64 
	FACE      481   478    64   242   240 
	FACE      471   476   470   465 
	FACE      466   472   471   465 
	FACE       65   465   470 
	FACE      218    70   466   465    65   464   460 
	FACE      220   460   464 
	FACE      459   461   212 
	FACE      461   460   220   214   212 
	FACE      208   206   455   459   212    69 
	FACE      210   454   455   206 
	FACE      443   450   448   441 
	FACE      441   448   446   439 
	FACE      443   441    73    23    22 
	FACE      441   439    73 
	FACE      197   435   438 
	FACE      432   435   197   404   399 
	FACE      428   432   399   396 
	FACE      429   428   396   394   185 
	FACE      417   422   192   189 
	FACE      167   419   414   186   384   374 
	FACE      412   417   189   186 
	FACE      414   412   186 
	FACE      399   404   422   417 
	FACE      419   401   394   414 
	FACE      396   399   417   412 
	FACE      396   412   414   394 
	FACE      386   388   173   170 
	FACE      384   386   170   166 
	FACE      166   374   384 
	FACE      366   373   179   365   359 
	FACE      179   373   374   166    89    87 
	FACE      367   366   359   358   160 
	FACE      156   359   365   352   348 
	FACE      108   362   358   156   349   338 
	FACE      156   358   359 
	FACE      155   348   352 
	FACE      136   338   349   133 
	FACE      133   349   348   155   132 
	FACE      109   347   345   148   332   330 
	FACE      345   340   137   148 
	FACE      340   339   137 
	FACE      137   339   338   136 
	FACE      330   332   101   327   325 
	FACE      101   332   334 
	FACE      331   330   325   324 
	FACE      110   325   327 
	FACE      320   319   126   125   324   325   110 
	FACE       24   319   320 
	FACE      315   318   509   508 
	FACE      113   314   315   508   497 
	FACE      113   114   314 
	FACE      506   313   312   504 
	FACE      504   312   114   495 
	FACE      285    21   292   290   590   587 
	FACE      591   590   290   286    35 
	FACE       35   286   289 
	FACE       45   285   587   581 
	FACE      568   280   276   566 
	FACE      278   564   566   276 
	FACE      265    49   274   558   554 
	FACE       46   270   272 
	FACE      556   268   265   553 
	FACE      554   553   265 
	FACE      546   260   541 
	FACE      258   534   535   256 
	FACE      521   255   246   515 
	FACE      519   251   520 
	FACE      245   251   519   516 
	FACE      516   515   246   245 
	FACE      313   243   312 
	FACE       26   240   242 
	FACE       57   239   240    26 
	FACE      231   235   228   226 
	FACE      232   231   226   225 
	FACE      226   228   476   471 
	FACE      226   471   472   225 
	FACE      216   222   218   461   459 
	FACE      218   460   461 
	FACE       74   216   459   455 
	FACE       69   212   214 
	FACE      450   210   206   448 
	FACE      208   446   448   206 
	FACE      198   204   203   438   435 
	FACE       88   198   435   432 
	FACE      189   192   388   386 
	FACE      186   189   386   384 
	FACE      401   185   394 
	FACE       80   178   373   366 
	FACE      170   173    96    89 
	FACE       89   166   170 
	FACE      374   373   178   167 
	FACE      362   160   358 
	FACE      156   348   349 
	FACE      347   151   345 
	FACE      107   149   144    81 
	FACE      334   332   148   149   107 
	FACE       81   144   145 
	FACE      345   151   140   340 
	FACE      149   136   133   144 
	FACE      149   148   137   136 
	FACE      145   144   133   132 
	FACE      130   129    25 
	FACE      126   129   130   125 
	FACE      312   243   123   114 
	FACE      478   120   482 
	FACE      496   113   497 
	FACE      496   495   114   113 
	FACE      340   140   100   339 
	FACE       80   366   367 
	FACE      108   338   339   100 
	FACE       23   203   204    22 
	FACE       90    88   432   428 
	FACE       96    87    89 
	FACE       90   428   429 
	FACE      222    70   218 
	FACE      486   485    66 
	FACE      255    27   246 
	FACE      542   541   260    53 
	FACE       60    61   533   525 
	FACE      488    56   481 
	FACE      268    49   265 
	FACE       45   581   582 
	FACE      292    42   290 
	FACE      290    42    36   286 
	FACE      289   286    36    18 
	FACE       60   525   526 
	FACE      109   330   331 
	FACE        9    21    22    25 
	FACE        9    15    18    21 
	FACE       25    24    15     9 
	FACE       24    23    18    15 
	FACE      455   454    74 

BLOCK	FACE       99    98    97 
	FACE       99    97    20 
	FACE       20    97    98 
	FACE       20    98    99 

BLOCK	FACE      330   331   329   328 
	FACE      330   328   112   109 
	FACE      112   328   329 
	FACE      109   112   329   331 
	FACE      331   330   109 

BLOCK	FACE      526   528   527   525 
	FACE       55   527   528 
	FACE       55   528   526    60 
	FACE      526   525    60 
	FACE       60   525   527    55 

BLOCK	FACE      618   617   616 
	FACE      618   616    32 
	FACE       32   617   618 
	FACE       32   616   617 

BLOCK	FACE      617   620   619   616 
	FACE      619     1    32   616 
	FACE        1   619   620 
	FACE      617    32     1   620 
	FACE      617   616    32 

BLOCK	FACE      299   300   296   295 
	FACE      295    37   299 
	FACE       34   300   299    37 
	FACE      300    34   296 
	FACE       37   295   296    34 

BLOCK	FACE      598   599   597   596 
	FACE      599   598    39 
	FACE       39   598   596    41 
	FACE       41   596   597 
	FACE       41   597   599    39 

BLOCK	FACE      581   582   580   579 
	FACE       45   581   579   572    44 
	FACE      572   571    44 
	FACE       44   571   580   582    45 
	FACE      582   581    45 
	FACE      572   579   580   571 

BLOCK	FACE      268   269   266   265 
	FACE      269    48   266 
	FACE       48   269   268    49 
	FACE      265    49   268 
	FACE       49   265   266    48 

BLOCK	FACE      529   531   530   527 
	FACE      530    28    55   527 
	FACE       28   530   531 
	FACE       28   531   529    55 
	FACE      527    55   529 

BLOCK	FACE      538   539   540 
	FACE      540   539    63 
	FACE       63   538   540 
	FACE      539   538    63 

BLOCK	FACE      543   542   541 
	FACE       52    53   542   543   257 
	FACE      261    52   257 
	FACE       52   261   260    53 
	FACE       53   260   541   542 
	FACE      543   541   260   261   257 

BLOCK	FACE      527   528   529 
	FACE      529    55   527 
	FACE       55   529   528 
	FACE      528   527    55 

BLOCK	FACE      307   308   309 
	FACE      309   308    67 
	FACE      308   307    67 
	FACE       67   307   309 

BLOCK	FACE      218   222   221   217 
	FACE      218   217    71    70 
	FACE      218    70   222 
	FACE       70    71   221   222 
	FACE      221    71   217 

BLOCK	FACE      424   425   426   423 
	FACE      424   423    84 
	FACE      426   425    83 
	FACE       83   425   424    84 
	FACE       84   423   426    83 

BLOCK	FACE      427   428   429   424   423 
	FACE      428   427    91    90 
	FACE      424   429    90    91    84 
	FACE      429   428    90 
	FACE       84   423   424 
	FACE       84    91   427   423 

BLOCK	FACE      426   430   431   423 
	FACE      431   430    95    94 
	FACE      423   431    94    84 
	FACE       83    95   430   426 
	FACE       83    84    94    95 
	FACE       83   426   423    84 

BLOCK	FACE      431   427   423 
	FACE      431    94    91   427 
	FACE       84    94   431   423 
	FACE       91    94    84 
	FACE      423   427    91    84 

BLOCK	FACE      432   428   427 
	FACE       90    91   427   428 
	FACE       91    90    88 
	FACE      428   432    88    90 
	FACE       91    88   432   427 

BLOCK	FACE      453   455   454   452 
	FACE       74   454   455 
	FACE       74    75   452   454 
	FACE      453   452    75 
	FACE      455   453    75    74 

BLOCK	FACE      203   204   200   199 
	FACE      199    23   203 
	FACE      204    22   200 
	FACE       22   204   203    23 
	FACE       23   199   200    22 

BLOCK	FACE      103   104   105 
	FACE       98   104   103    99 
	FACE      105   104    98    97 
	FACE       97    99   103   105 
	FACE       97    98    99 

BLOCK	FACE      338   339   337   336 
	FACE      108   338   336   139   104   103 
	FACE       99   103   104    98 
	FACE      139   138    98   104 
	FACE      103    99   100   108 
	FACE      100   339   338   108 
	FACE       99    98   138   337   339   100 
	FACE      139   336   337   138 

BLOCK	FACE      355   356   357   354 
	FACE      357   356    79    77 
	FACE       77   159   354   357 
	FACE      356   355   158    79 
	FACE       77    79   158   159 
	FACE      355   354   159   158 

BLOCK	FACE      366   367   368 
	FACE       80   366   368 
	FACE      368   367    80 
	FACE      367   366    80 

BLOCK	FACE      337   339   340 
	FACE       99    98    20 
	FACE      141    20    98   138 
	FACE       99    20   141   140   100 
	FACE      339   100   140   340 
	FACE      100   339   337   138    98    99 
	FACE      340   140   141   138   337 

BLOCK	FACE      496   495   494 
	FACE      496   494   115   113 
	FACE      113   114   495   496 
	FACE      114   115   494   495 
	FACE      115   114   113 

BLOCK	FACE      310   117   115 
	FACE      117   116   115 
	FACE      310   116   117 
	FACE      115   116   310 

BLOCK	FACE      498   499   497   496   494 
	FACE      494   115   117   498 
	FACE      113   115   494   496 
	FACE      499   498   117 
	FACE      497   113   496 
	FACE      117   115   113   497   499 

BLOCK	FACE      482   478   477 
	FACE      120   477   478 
	FACE      482   120   478 
	FACE      477   120   482 

BLOCK	FACE      114   312   311   310   115 
	FACE      114   115   116   122   123 
	FACE      114   123   243   312 
	FACE      122   244   243   123 
	FACE      311   244   122   116   310 
	FACE      310   116   115 
	FACE      244   311   312   243 

BLOCK	FACE      129   130   131   128 
	FACE      127   128   131   124 
	FACE      129   128   127   126 
	FACE      124   131   130   125 
	FACE      125   130   129   126 
	FACE      124   125   126   127 

BLOCK	FACE      128   131   130   129 
	FACE      131   128    11 
	FACE      128   129    25    11 
	FACE       11    25   130   131 
	FACE       25   129   130 

BLOCK	FACE      145   144   143   142 
	FACE      133   134   143   144 
	FACE      135   142   143   134 
	FACE      145   142   135   132 
	FACE      132   133   144   145 
	FACE      132   135   134   133 

BLOCK	FACE      337   342   341   336 
	FACE      138   337   336   139 
	FACE      337   138   342 
	FACE      139   341   342   138 
	FACE      341   139   336 

BLOCK	FACE      336   341   343 
	FACE      343   139   336 
	FACE      341   139   343 
	FACE      336   139   341 

BLOCK	FACE      340   345   344   346   342   337 
	FACE      337   138   141   140   340 
	FACE      340   140   151   345 
	FACE      140   141   346   344   151 
	FACE      346   141   138   342 
	FACE      342   138   337 
	FACE      151   344   345 

BLOCK	FACE      142   143   144   145 
	FACE       81   144   143    82 
	FACE      143   142    82 
	FACE       82   142   145    81 
	FACE      145   144    81 

BLOCK	FACE      333   335   334   332 
	FACE      147   333   332   148 
	FACE      107   149   148   332   334 
	FACE      107   334   335   106 
	FACE      335   333   147   146   106 
	FACE      146   149   107   106 
	FACE      146   147   148   149 

BLOCK	FACE      143   146   149   144 
	FACE      106   146   143    82 
	FACE      107   106    82    81 
	FACE       81   144   149   107 
	FACE       82   143   144    81 
	FACE      106   107   149   146 

BLOCK	FACE      344   345   347 
	FACE      345   151   347 
	FACE      347   151   344 
	FACE      345   344   151 

BLOCK	FACE      152   153   154 
	FACE      153   152    78 
	FACE      154   153    78 
	FACE       78   152   154 

BLOCK	FACE      349   351   350   348 
	FACE       78   153   154 
	FACE      349   348   156 
	FACE      154   350   351    78 
	FACE       78   351   349   156   153 
	FACE      154   153   156   348   350 

BLOCK	FACE      360   361   355   354 
	FACE      354   159   360 
	FACE      361   158   355 
	FACE      158   361   360   159 
	FACE      158   159   354   355 

BLOCK	FACE      358   362   360   354 
	FACE      354   159   160   358 
	FACE      360   362   160   159 
	FACE      358   160   362 
	FACE      360   159   354 

BLOCK	FACE      405   406   407 
	FACE      406   405   164 
	FACE      164   405   407 
	FACE      407   406   164 

BLOCK	FACE      372   375   374   373   369 
	FACE      162   167   374   375   161 
	FACE      372   161   375 
	FACE      167   178   373   374 
	FACE      175   178   167   162 
	FACE      372   369   175   162   161 
	FACE      373   178   175   369 

BLOCK	FACE      377   376   372   371 
	FACE      161   163   371   372 
	FACE      169   376   377   168 
	FACE      372   376   169   161 
	FACE      163   168   377   371 
	FACE      161   169   168   163 

BLOCK	FACE      376   378   375   372 
	FACE      161   169   376   372 
	FACE      375   161   372 
	FACE      376   169   378 
	FACE      375   378   169   161 

BLOCK	FACE      165   166   170 
	FACE       89   165   170 
	FACE      170   166    89 
	FACE      166   165    89 

BLOCK	FACE      377   380   379   381   376 
	FACE      168   377   376   169 
	FACE      381   169   376 
	FACE      168   172   380   377 
	FACE      172   379   380 
	FACE      169   381   379   172   168 

BLOCK	FACE      381   378   376 
	FACE      376   169   381 
	FACE      378   169   376 
	FACE      378   381   169 

BLOCK	FACE      382   383   370   369 
	FACE      174   175   369   370 
	FACE      369   175   382 
	FACE      383   174   370 
	FACE      174   383   382   175 

BLOCK	FACE      368   382   369   373   366 
	FACE      382   175   369 
	FACE      366   373   178    80 
	FACE      368    80   178   175   382 
	FACE      368   366    80 
	FACE      369   175   178   373 

BLOCK	FACE      389   390   400 
	FACE      400   180   389 
	FACE      390   180   400 
	FACE      390   389   180 

BLOCK	FACE      394   401   400   390 
	FACE      390   180   185   394 
	FACE      400   401   185   180 
	FACE      394   185   401 
	FACE      400   180   390 

BLOCK	FACE      181   188   187   183 
	FACE      187   188   169   168 
	FACE      161   169   188   181 
	FACE      183   187   168   163 
	FACE      163   168   169   161 
	FACE      161   181   183   163 

BLOCK	FACE      375   378   385 
	FACE      181   188   169   161 
	FACE      375   385   184   181   161 
	FACE      161   169   378   375 
	FACE      169   188   184   385   378 
	FACE      181   184   188 

BLOCK	FACE      384   385   386 
	FACE      184   385   384   186 
	FACE      184   189   386   385 
	FACE      384   386   189   186 
	FACE      184   186   189 

BLOCK	FACE      387   381   379 
	FACE      168   169   188   187 
	FACE      168   172   379   381   169 
	FACE      172   191   190   387   379 
	FACE      187   191   172   168 
	FACE      381   387   190   188   169 
	FACE      187   188   190   191 

BLOCK	FACE      381   387   388   386   385   378 
	FACE      169   188   190   387   381 
	FACE      385   386   189   184 
	FACE      378   385   184   188   169 
	FACE      169   381   378 
	FACE      386   388   192   189 
	FACE      190   192   388   387 
	FACE      184   189   192   190   188 

BLOCK	FACE      433   434   431   430 
	FACE      194   434   433   195 
	FACE       94   194   195    95 
	FACE       95   195   433   430 
	FACE      431   434   194    94 
	FACE       94    95   430   431 

BLOCK	FACE      431   434   435   432   427 
	FACE      434   194   198   435 
	FACE      427   432    88    91 
	FACE      432   435   198    88 
	FACE       88   198   194    94    91 
	FACE      427    91    94   431 
	FACE       94   194   434   431 

BLOCK	FACE      436   437   434   433 
	FACE      195   433   434   194 
	FACE      194   200   201   195 
	FACE      437   436   202   199 
	FACE      195   201   202   436   433 
	FACE      434   437   199   200   194 
	FACE      199   202   201   200 

BLOCK	FACE      437   438   435   434 
	FACE      194   200   199   437   434 
	FACE      435   198   194   434 
	FACE      435   438   203   204   198 
	FACE      194   198   204   200 
	FACE      199   203   438   437 
	FACE      199   200   204   203 

BLOCK	FACE      448   449   447   446 
	FACE      205   206   208   207 
	FACE      206   448   446   208 
	FACE      208   446   447   207 
	FACE      207   447   449   205 
	FACE      205   449   448   206 

BLOCK	FACE      450   451   449   448 
	FACE      205   209   210   206 
	FACE      451   209   205   449 
	FACE      209   451   450   210 
	FACE      448   206   210   450 
	FACE      206   448   449   205 

BLOCK	FACE      456   457   458 
	FACE      458   457   211 
	FACE      211   456   458 
	FACE      457   456   211 

BLOCK	FACE      458   457   459   455   453 
	FACE      211   457   458 
	FACE      455   459   216    74 
	FACE       74   216   215    75 
	FACE       75   215   211   458   453 
	FACE       74    75   453   455 
	FACE      457   211   215   216   459 

BLOCK	FACE      462   460   461   457   456 
	FACE      211   456   457 
	FACE      211   217   462   456 
	FACE      461   460   218 
	FACE      457   461   218   217   211 
	FACE      217   218   460   462 

BLOCK	FACE      461   459   457 
	FACE      211   217   218   461   457 
	FACE      459   216   215   211   457 
	FACE      215   221   217   211 
	FACE      215   216   222   221 
	FACE      459   461   218   222   216 
	FACE      217   221   222   218 

BLOCK	FACE      472   474   473   471 
	FACE      225   472   471   226 
	FACE      223   474   472   225 
	FACE      224   473   474   223 
	FACE      226   471   473   224 
	FACE      223   225   226   224 

BLOCK	FACE      233   234   236 
	FACE      236   227   233 
	FACE      234   227   236 
	FACE      234   233   227 

BLOCK	FACE      229   230   232   231 
	FACE      225   226   231   232 
	FACE      223   225   232   230 
	FACE      230   229   224   223 
	FACE      229   231   226   224 
	FACE      224   226   225   223 

BLOCK	FACE      229   231   235   233   234 
	FACE      226   228   235   231 
	FACE      228   233   235 
	FACE      224   229   234 
	FACE      234   233   228   226   224 
	FACE      224   226   231   229 

BLOCK	FACE      473   475   476   471 
	FACE      236   234   233 
	FACE      224   473   471   226 
	FACE      471   476   228   226 
	FACE      476   475   236   233   228 
	FACE      224   234   236   475   473 
	FACE      224   226   228   233   234 

BLOCK	FACE      237   238   239   240 
	FACE       57   239   238    59 
	FACE       26   240   239    57 
	FACE       57    59    29    26 
	FACE       59   238   237    29 
	FACE       29   237   240    26 

BLOCK	FACE      237   240   242   241 
	FACE       29   237   241 
	FACE       29   241   242    26 
	FACE      242   240    26 
	FACE       26   240   237    29 

BLOCK	FACE      311   312   313   309   308 
	FACE      312   243   313 
	FACE      309   313   243   244    67 
	FACE       67   244   311   308 
	FACE       67   308   309 
	FACE      243   312   311   244 

BLOCK	FACE      516   515   514 
	FACE      247   246   245 
	FACE      516   514   247   245 
	FACE      245   246   515   516 
	FACE      246   247   514   515 

BLOCK	FACE      518   517   514 
	FACE      517   249   247   514 
	FACE      249   517   518   248 
	FACE      514   247   248   518 
	FACE      249   248   247 

BLOCK	FACE      519   516   514   517   513   511 
	FACE      245   251   511   513   249   247 
	FACE      511   251   519 
	FACE      513   517   249 
	FACE      516   519   251   245 
	FACE      245   247   514   516 
	FACE      514   247   249   517 

BLOCK	FACE      520   519   511 
	FACE      511   251   520 
	FACE      520   251   519 
	FACE      519   251   511 

BLOCK	FACE      515   521   522   518   514 
	FACE      518   248   247   514 
	FACE      515   514   247   246 
	FACE      515   246   255   521 
	FACE      254   522   521   255 
	FACE      522   254   248   518 
	FACE      246   247   248   254   255 

BLOCK	FACE      545   544   543 
	FACE      544   257   543 
	FACE      257   544   545 
	FACE      543   257   545 

BLOCK	FACE      545   543   541   546   539   538 
	FACE      545   257   543 
	FACE       63   538   539 
	FACE       63   261   257   545   538 
	FACE      539   546   260   261    63 
	FACE      541   260   546 
	FACE      257   261   260   541   543 

BLOCK	FACE      264   263   262 
	FACE      264   262    43 
	FACE       43   263   264 
	FACE       43   262   263 

BLOCK	FACE      554   553   552   551 
	FACE      265   554   551   266 
	FACE      266   551   552 
	FACE      265   553   554 
	FACE      265   266   552   553 

BLOCK	FACE      553   556   555   552 
	FACE      265   266   269   268 
	FACE      555   269   266   552 
	FACE      268   269   555   556 
	FACE      553   265   268   556 
	FACE      553   552   266   265 

BLOCK	FACE      270   272   273   271 
	FACE       46   270   271   263   262 
	FACE      271   273   264   263 
	FACE      262   264   273   272    46 
	FACE      272   270    46 
	FACE      262   263   264 

BLOCK	FACE      557   558   554   551 
	FACE      266   551   554   265 
	FACE      266    48   275   557   551 
	FACE       48    49   274   275 
	FACE      554   558   274    49   265 
	FACE       48   266   265    49 
	FACE      274   558   557   275 

BLOCK	FACE      564   566   565   563 
	FACE      276   278   279   277 
	FACE      276   566   564   278 
	FACE      564   563   279   278 
	FACE      279   563   565   277 
	FACE      276   277   565   566 

BLOCK	FACE      585   584   583 
	FACE      281   583   584 
	FACE      585   583   281 
	FACE      281   584   585 

BLOCK	FACE      586   587   581   579 
	FACE      283   285   587   586   574 
	FACE       44   572   579   581    45 
	FACE       44   283   574   572 
	FACE       44    45   285   283 
	FACE      581   587   285    45 
	FACE      572   574   586   579 

BLOCK	FACE      286   289   288   287 
	FACE      289   286    35 
	FACE      288   289    35    33 
	FACE       33   287   288 
	FACE       33    35   286   287 

BLOCK	FACE      591   590   589   588 
	FACE      286   287   291   290 
	FACE      578   575   291   287    33 
	FACE       35   591   588   578    33 
	FACE       35   286   290   590   591 
	FACE      290   291   575   589   590 
	FACE      287   286    35    33 
	FACE      578   588   589   575 

BLOCK	FACE      589   590   587   586 
	FACE      290   291   294   293   292 
	FACE      587   590   290   292    21   285 
	FACE       21   292   293 
	FACE       21   293   294   283   285 
	FACE      283   294   291   575   574 
	FACE      574   586   587   285   283 
	FACE      590   589   575   291   290 
	FACE      574   575   589   586 

BLOCK	FACE      609   611   610   608 
	FACE      295   611   609   296 
	FACE      295   296   608   610 
	FACE      609   608   296 
	FACE      295   610   611 

BLOCK	FACE      610   613   612   608 
	FACE      295   296   300   299 
	FACE      610   295   299   613 
	FACE      299   300   612   613 
	FACE      612   300   296   608 
	FACE      610   608   296   295 

BLOCK	FACE      605   615   614   604 
	FACE      301   302   614   615 
	FACE      605   301   615 
	FACE      614   302   604 
	FACE      301   605   604   302 

BLOCK	FACE      614   615   611   609 
	FACE      615   614   302   301 
	FACE      296   609   611   295 
	FACE       34   296   295    37 
	FACE      296    34   306   302   614   609 
	FACE       34    37   305   306 
	FACE      611   615   301   305    37   295 
	FACE      301   302   306   305 

BLOCK	FACE      502   501   500 
	FACE      309   308   307 
	FACE      309   500   501   308 
	FACE      308   501   502   307 
	FACE      307   502   500   309 

BLOCK	FACE      503   498   494 
	FACE      115   117   310 
	FACE      498   117   115   494 
	FACE      503   310   117   498 
	FACE      494   115   310   503 

BLOCK	FACE      495   504   505   503   494 
	FACE      115   310   311   312   114 
	FACE      495   114   312   504 
	FACE      505   311   310   503 
	FACE      495   494   115   114 
	FACE      505   504   312   311 
	FACE      503   310   115   494 

BLOCK	FACE      501   505   504   506   500 
	FACE      308   309   313   312   311 
	FACE      504   312   313   506 
	FACE      500   506   313   309 
	FACE      308   311   505   501 
	FACE      308   501   500   309 
	FACE      311   312   504   505 

BLOCK	FACE      314   115   114 
	FACE      113   114   115 
	FACE      314   114   113 
	FACE      113   115   314 

BLOCK	FACE      499   507   508   497 
	FACE      115   314   315   316   117 
	FACE      499   497   113   115   117 
	FACE      497   508   315   314   113 
	FACE      117   316   507   499 
	FACE      508   507   316   315 
	FACE      314   115   113 

BLOCK	FACE      510   509   508   507 
	FACE      315   318   317   316 
	FACE      508   509   318   315 
	FACE      318   509   510   317 
	FACE      316   317   510   507 
	FACE      315   316   507   508 

BLOCK	FACE      319   320   321 
	FACE      321   320    24 
	FACE       24   319   321 
	FACE      320   319    24 

BLOCK	FACE      322   324   325   323 
	FACE      127   126   125   124 
	FACE      110   325   324   125   126   319   320 
	FACE      124   125   324   322 
	FACE      321   319   126   127    13 
	FACE      111   110   320   321    13 
	FACE      127   124   322   323   111    13 
	FACE      111   323   325   110 
	FACE      321   320   319 

BLOCK	FACE      323   325   327   326 
	FACE      327   325   110 
	FACE      111   326   327   110 
	FACE      111   323   326 
	FACE      110   325   323   111 

BLOCK	FACE      328   329   331   330 
	FACE      328   330   325   323 
	FACE      329   328   323   322 
	FACE      322   324   331   329 
	FACE      324   325   330   331 
	FACE      323   325   324   322 

BLOCK	FACE      332   334   335   333 
	FACE      101   332   333   102 
	FACE      334   332   101 
	FACE      102   335   334   101 
	FACE      102   333   335 

BLOCK	FACE      328   330   332   333 
	FACE      328   333   102   326   323 
	FACE      327   326   102   101 
	FACE      325   327   101   332   330 
	FACE      326   327   325   323 
	FACE      323   325   330   328 
	FACE      102   333   332   101 

BLOCK	FACE      336   337   339   338 
	FACE      136   336   338 
	FACE      136   338   339   137 
	FACE      339   337   137 
	FACE      137   337   336   136 

BLOCK	FACE      340   339   337 
	FACE      137   339   340 
	FACE      340   337   137 
	FACE      137   337   339 

BLOCK	FACE      336   341   342   337 
	FACE      137   337   342   147   148 
	FACE      136   137   148   149 
	FACE      147   342   341   146 
	FACE      149   146   341   336   136 
	FACE      149   148   147   146 
	FACE      136   336   337   137 

BLOCK	FACE      343   341   336 
	FACE      136   133   134   343   336 
	FACE      144   133   136   149 
	FACE      146   341   343   134   143 
	FACE      144   143   134   133 
	FACE      144   149   146   143 
	FACE      136   336   341   146   149 

BLOCK	FACE      337   342   346   344   345   340 
	FACE      148   137   340   345 
	FACE      150   344   346 
	FACE      150   346   342   147 
	FACE      148   345   344   150   147 
	FACE      137   337   340 
	FACE      148   147   342   337   137 

BLOCK	FACE      347   345   344 
	FACE      148   332   333   147 
	FACE      330   332   148   345   347   109 
	FACE      109   347   344   150   112 
	FACE      112   150   147   333   328 
	FACE      109   112   328   330 
	FACE      333   332   330   328 
	FACE      147   150   344   345   148 

BLOCK	FACE      348   350   351   349 
	FACE      133   134   135   132 
	FACE      132   155   348   349   133 
	FACE      135   157   155   132 
	FACE      351   350   157   135   134 
	FACE      133   349   351   134 
	FACE      155   157   350   348 

BLOCK	FACE      336   338   349   351   343 
	FACE      133   349   338   136 
	FACE      343   351   134 
	FACE      338   336   136 
	FACE      336   343   134   133   136 
	FACE      134   351   349   133 

BLOCK	FACE      348   352   353   350 
	FACE      352   348   155 
	FACE      157   353   352   155 
	FACE      157   350   353 
	FACE      348   350   157   155 

BLOCK	FACE      354   357   356   355 
	FACE      356   357   153   152 
	FACE      357   354   153 
	FACE      152   355   356 
	FACE      153   354   355   152 

BLOCK	FACE      354   358   359   357 
	FACE      359   358   156 
	FACE      357   359   156   153 
	FACE      156   358   354   153 
	FACE      153   354   357 

BLOCK	FACE      354   355   361   360 
	FACE       78   152   153 
	FACE      105   104   103 
	FACE       78   153   354   360   103   104 
	FACE      104   105   361   355   152    78 
	FACE      103   360   361   105 
	FACE      152   355   354   153 

BLOCK	FACE      354   360   362   358 
	FACE      103   104   139   336   338   108 
	FACE      139   104    78   351   343 
	FACE      103   108   362   360 
	FACE      338   349   156   358   362   108 
	FACE      336   139   343 
	FACE      153   156   349   351    78 
	FACE      343   351   349   338   336 
	FACE      153   354   358   156 
	FACE      104   103   360   354   153    78 

BLOCK	FACE      356   357   363   364 
	FACE      364   363    19 
	FACE      154   152   356   364    19 
	FACE       19   363   357   153   154 
	FACE      154   153   152 
	FACE      152   153   357   356 

BLOCK	FACE      357   359   365   363 
	FACE      350   348   156   153   154 
	FACE      154    19   353   350 
	FACE      363   365   352   353    19 
	FACE      348   352   365   359   156 
	FACE      350   353   352   348 
	FACE      153   156   359   357 
	FACE      154   153   357   363    19 

BLOCK	FACE      368   367   366 
	FACE      358   160   159   354 
	FACE       77   368   366   359   357 
	FACE      159   160   367   368    77 
	FACE      160   358   359   366   367 
	FACE      357   354   159    77 
	FACE      357   359   358   354 

BLOCK	FACE      369   372   371   370 
	FACE       86   371   372    85 
	FACE      177   176    86    85 
	FACE      176   370   371    86 
	FACE       85   372   369   177 
	FACE      177   369   370   176 

BLOCK	FACE      369   373   374   375   372 
	FACE      165   375   374   166 
	FACE      372   375   165    89    87    85 
	FACE       87    89   166   374   373   179 
	FACE       85    87   179   177 
	FACE       89   165   166 
	FACE      179   373   369   177 
	FACE      177   369   372    85 

BLOCK	FACE      371   372   376   377 
	FACE      377   376    93    92 
	FACE       85    93   376   372 
	FACE      371   377    92    86 
	FACE       86    92    93    85 
	FACE       85   372   371    86 

BLOCK	FACE      372   375   378   376 
	FACE       96    93   376   378   165    89 
	FACE       96    87    85    93 
	FACE       89    87    96 
	FACE      378   375   165 
	FACE       85    87    89   165   375   372 
	FACE      372   376    93    85 

BLOCK	FACE      376   381   379   380   377 
	FACE       93   171   381   376 
	FACE       92   377   380 
	FACE      380   379   171    93    92 
	FACE      171   379   381 
	FACE       92    93   376   377 

BLOCK	FACE      376   378   381 
	FACE      170   165    89 
	FACE      171   173    96    93 
	FACE       89    96   173   170 
	FACE      171   381   378   165   170   173 
	FACE       89   165   378   376    93    96 
	FACE      376   381   171    93 

BLOCK	FACE      369   370   383   382 
	FACE       77    79   356   357 
	FACE      357   363   177   369   382    77 
	FACE       79   383   370   176   364   356 
	FACE      177   363   364   176 
	FACE       77   382   383    79 
	FACE      364   363   357   356 
	FACE      176   370   369   177 

BLOCK	FACE      366   373   369   382   368 
	FACE      359   365   179   373   366 
	FACE      368   382    77 
	FACE      177   179   365   363 
	FACE      363   365   359   357 
	FACE      357   359   366   368    77 
	FACE      177   369   373   179 
	FACE       77   382   369   177   363   357 

BLOCK	FACE      374   384   385   375 
	FACE      165   375   385 
	FACE      384   374   166 
	FACE      385   384   166   165 
	FACE      166   374   375   165 

BLOCK	FACE      385   378   375 
	FACE      378   385   165 
	FACE      165   375   378 
	FACE      385   375   165 

BLOCK	FACE      386   385   384 
	FACE      170   166   165 
	FACE      385   386   170   165 
	FACE      166   170   386   384 
	FACE      165   166   384   385 

BLOCK	FACE      379   381   387 
	FACE      171   379   387 
	FACE      387   381   171 
	FACE      381   379   171 

BLOCK	FACE      378   385   386   388   387   381 
	FACE      170   173   388   386 
	FACE      387   388   173   171 
	FACE      173   170   165   378   381   171 
	FACE      165   385   378 
	FACE      165   170   386   385 
	FACE      171   381   387 

BLOCK	FACE      409   410   411   408 
	FACE      411   410   390   389   182 
	FACE      390   410   409   391 
	FACE      393   392   408   411   182 
	FACE      182   389   393 
	FACE      409   408   392   391 
	FACE      389   390   391   392   393 

BLOCK	FACE      413   412   414   410   409 
	FACE      391   409   410   390 
	FACE      414   394   390   410 
	FACE      396   412   413   395 
	FACE      394   414   412   396 
	FACE      391   395   413   409 
	FACE      390   394   396   395   391 

BLOCK	FACE      416   415   409   408 
	FACE      391   392   408   409 
	FACE      398   415   416   397 
	FACE      409   415   398   391 
	FACE      392   397   416   408 
	FACE      391   398   397   392 

BLOCK	FACE      415   413   409 
	FACE      391   398   415   409 
	FACE      409   413   395   391 
	FACE      415   398   395   413 
	FACE      391   395   398 

BLOCK	FACE      412   413   417 
	FACE      395   413   412   396 
	FACE      412   417   399   396 
	FACE      395   399   417   413 
	FACE      395   396   399 

BLOCK	FACE      411   410   418   407   406 
	FACE      182   389   390   410   411 
	FACE      410   390   400   418 
	FACE      164   182   411   406 
	FACE      407   418   400   389   182   164 
	FACE      164   406   407 
	FACE      400   390   389 

BLOCK	FACE      414   419   418   410 
	FACE      418   400   390   410 
	FACE      410   390   394   414 
	FACE      414   394   401   419 
	FACE      418   419   401   400 
	FACE      390   400   401   394 

BLOCK	FACE      416   421   420   415 
	FACE      397   416   415   398 
	FACE      403   420   421   402 
	FACE      397   402   421   416 
	FACE      415   420   403   398 
	FACE      397   398   403   402 

BLOCK	FACE      415   420   422   417   413 
	FACE      398   403   420   415 
	FACE      413   417   399   395 
	FACE      413   395   398   415 
	FACE      417   422   404   399 
	FACE      403   404   422   420 
	FACE      395   399   404   403   398 

BLOCK	FACE      407   406   405 
	FACE      370   369   175   174 
	FACE      161   162   175   369   372 
	FACE      371   370   174   405   406   163 
	FACE      162   407   405   174   175 
	FACE      372   371   163   161 
	FACE      161   163   406   407   162 
	FACE      370   371   372   369 

BLOCK	FACE      408   411   410   409 
	FACE      410   411   183   181 
	FACE      181   409   410 
	FACE      411   408   183 
	FACE      183   408   409   181 

BLOCK	FACE      409   410   414   412   413 
	FACE      184   186   414   410   181 
	FACE      413   412   186   184 
	FACE      186   412   414 
	FACE      409   413   184   181 
	FACE      410   409   181 

BLOCK	FACE      408   409   415   416 
	FACE      183   187   188   181 
	FACE      416   415   188   187 
	FACE      181   188   415   409 
	FACE      408   416   187   183 
	FACE      181   409   408   183 

BLOCK	FACE      409   413   415 
	FACE      188   184   181 
	FACE      188   415   413   184 
	FACE      181   184   413   409 
	FACE      409   415   188   181 

BLOCK	FACE      417   413   412 
	FACE      189   186   184 
	FACE      186   189   417   412 
	FACE      413   417   189   184 
	FACE      184   186   412   413 

BLOCK	FACE      406   407   418   410   411 
	FACE      161   181   410   418   162 
	FACE      406   411   183   163 
	FACE      418   407   162 
	FACE      163   183   181   161 
	FACE      162   407   406   163   161 
	FACE      181   183   411   410 

BLOCK	FACE      410   418   419   414 
	FACE      375   385   384   374 
	FACE      161   375   374   167   162 
	FACE      161   181   184   385   375 
	FACE      374   384   186   414   419   167 
	FACE      162   167   419   418 
	FACE      186   384   385   184 
	FACE      181   410   414   186   184 
	FACE      162   418   410   181   161 

BLOCK	FACE      415   420   421   416 
	FACE      191   421   420   190 
	FACE      416   421   191   187 
	FACE      188   190   420   415 
	FACE      191   190   188   187 
	FACE      187   188   415   416 

BLOCK	FACE      413   417   422   420   415 
	FACE      189   192   422   417 
	FACE      420   422   192   190 
	FACE      188   190   192   189   184 
	FACE      184   413   415   188 
	FACE      184   189   417   413 
	FACE      415   420   190   188 

BLOCK	FACE      423   426   425   424 
	FACE      180   389   390 
	FACE      180   390   391   423   424 
	FACE      393   425   426   392 
	FACE      180   424   425   393   389 
	FACE      392   426   423   391 
	FACE      393   392   391   390   389 

BLOCK	FACE      423   424   429   428   427 
	FACE      394   185   180   390 
	FACE      427   428   396   395 
	FACE      180   185   429   424 
	FACE      185   394   396   428   429 
	FACE      423   427   395   391 
	FACE      391   395   396   394   390 
	FACE      424   423   391   390   180 

BLOCK	FACE      423   431   430   426 
	FACE      430   431   398   397 
	FACE      391   398   431   423 
	FACE      426   430   397   392 
	FACE      392   397   398   391 
	FACE      391   423   426   392 

BLOCK	FACE      423   427   431 
	FACE      398   431   427   395 
	FACE      398   395   391 
	FACE      391   395   427   423 
	FACE      423   431   398   391 

BLOCK	FACE      427   428   432 
	FACE      396   399   432   428 
	FACE      427   432   399   395 
	FACE      399   396   395 
	FACE      395   396   428   427 

BLOCK	FACE      430   431   434   433 
	FACE      193   196   433   434 
	FACE      403   402   196   193 
	FACE      430   433   196   402   397 
	FACE      398   403   193   434   431 
	FACE      402   403   398   397 
	FACE      397   398   431   430 

BLOCK	FACE      427   432   435   434   431 
	FACE      193   434   435   197 
	FACE      399   404   197   435   432 
	FACE      193   197   404   403 
	FACE      398   403   404   399   395 
	FACE      395   427   431   398 
	FACE      395   399   432   427 
	FACE      431   434   193   403   398 

BLOCK	FACE      433   434   437   436 
	FACE      196   436   437   193 
	FACE      196   433   436 
	FACE      437   434   193 
	FACE      434   433   196   193 

BLOCK	FACE      434   435   438   437 
	FACE      438   435   197 
	FACE      437   438   197   193 
	FACE      197   435   434   193 
	FACE      193   434   437 

BLOCK	FACE      439   440   442   441 
	FACE       73   441   442    76 
	FACE      442   440    76 
	FACE       76   440   439    73 
	FACE       73   439   441 

BLOCK	FACE      441   442   445   444   443 
	FACE      200   201   202   199 
	FACE       22   200   199    23 
	FACE       22    23    73   441   443 
	FACE      202   201   444   445    16 
	FACE       76    73    23   199   202    16 
	FACE       22   443   444   201   200 
	FACE      445   442    76    16 
	FACE       76   442   441    73 

BLOCK	FACE      446   447   449   448 
	FACE      439   446   448   441 
	FACE      440   447   446   439 
	FACE      442   449   447   440 
	FACE      441   448   449   442 
	FACE      441   442   440   439 

BLOCK	FACE      448   449   451   450 
	FACE      445    17   451   449   442 
	FACE       17   444   443   450   451 
	FACE      445   444    17 
	FACE      441   448   450   443 
	FACE      443   444   445   442   441 
	FACE      442   449   448   441 

BLOCK	FACE      452   454   455   453 
	FACE      206   455   454   210 
	FACE      209   210   454   452 
	FACE      209   452   453   205 
	FACE      453   455   206   205 
	FACE      206   210   209   205 

BLOCK	FACE      458   457   456 
	FACE       69   212   457   458    72 
	FACE      214   212    69 
	FACE       72   213   214    69 
	FACE      458   456   213    72 
	FACE      212   214   213   456   457 

BLOCK	FACE      453   455   459   457   458 
	FACE      207   208   206   205 
	FACE       69   212   459   455   206   208 
	FACE      208   207    72    69 
	FACE      207   205   453   458    72 
	FACE      212   457   459 
	FACE      205   206   455   453 
	FACE       72   458   457   212    69 

BLOCK	FACE      456   457   461   460   462 
	FACE      456   462   219   213 
	FACE      219   220   214   213 
	FACE      212   214   220   460   461 
	FACE      461   457   212 
	FACE      219   462   460   220 
	FACE      457   456   213   214   212 

BLOCK	FACE      457   459   461 
	FACE      212   461   459 
	FACE      459   457   212 
	FACE      212   457   461 

BLOCK	FACE      460   464   463   462 
	FACE      464   460   220 
	FACE      463   464   220   219 
	FACE      219   462   463 
	FACE      220   460   462   219 

BLOCK	FACE      465   467   468   466 
	FACE       68   467   465    65 
	FACE      217    71   468   467    68   463   462 
	FACE       70   466   468    71 
	FACE      464   463    68    65 
	FACE      460   464    65   465   466    70   218 
	FACE       70    71   217   218 
	FACE      462   460   218   217 
	FACE      462   463   464   460 

BLOCK	FACE      465   470   469   467 
	FACE       68   467   469 
	FACE       68   469   470    65 
	FACE      470   465    65 
	FACE       65   465   467    68 

BLOCK	FACE      471   473   474   472 
	FACE      465   471   472   466 
	FACE      466   472   474   468 
	FACE      468   474   473   467 
	FACE      467   473   471   465 
	FACE      466   468   467   465 

BLOCK	FACE      471   476   475   473 
	FACE      465   470   476   471 
	FACE      475   476   470   469 
	FACE      473   475   469   467 
	FACE      467   469   470   465 
	FACE      465   471   473   467 

BLOCK	FACE      477   479   480   481   478 
	FACE      118   119   479   477 
	FACE      240   242    64   478   481 
	FACE      242   241   119   118    64 
	FACE      480   479   119   241   237 
	FACE      118   477   478    64 
	FACE      237   240   481   480 
	FACE      241   242   240   237 

BLOCK	FACE      477   478   482 
	FACE       64   118   121 
	FACE       64   121   482   478 
	FACE      118   477   482   121 
	FACE       64   478   477   118 

BLOCK	FACE      483   484   485   486 
	FACE      231   232   230   229 
	FACE      231   486   485   232 
	FACE      230   232   485   484 
	FACE      230   484   483   229 
	FACE      483   486   231   229 

BLOCK	FACE      480   487   488   481 
	FACE      240   239   238   237 
	FACE      238   239   488   487 
	FACE      239   240   481   488 
	FACE      238   487   480   237 
	FACE      480   481   240   237 

BLOCK	FACE      487   490   489   488 
	FACE      239   489   490   238 
	FACE      490   487   238 
	FACE      239   488   489 
	FACE      487   488   239   238 

BLOCK	FACE      483   486   489   490 
	FACE      227   233   234 
	FACE      483   490   238    59   227   234   229 
	FACE      235   233   227    59    57 
	FACE      231   235    57   239   489   486 
	FACE      234   233   235   231   229 
	FACE       59   238   239    57 
	FACE      229   231   486   483 
	FACE      238   490   489   239 

BLOCK	FACE      491   479   477 
	FACE      491   477   118    62 
	FACE      119   479   491    62 
	FACE       62   118   119 
	FACE      477   479   119   118 

BLOCK	FACE      477   482   492   493   491 
	FACE       62   491   493 
	FACE       62   493   492   121   118 
	FACE      492   482   121 
	FACE      121   482   477   118 
	FACE       62   118   477   491 

BLOCK	FACE      494   495   496 
	FACE       56   494   496 
	FACE      496   495    56 
	FACE      495   494    56 

BLOCK	FACE      494   496   497   499   498 
	FACE       56   494   498   480   481 
	FACE      478   477   120 
	FACE      480   498   499   479 
	FACE       56   481   478   120   497   496 
	FACE      120   477   479   499   497 
	FACE      478   481   480   479   477 
	FACE      496   494    56 

BLOCK	FACE      500   501   502 
	FACE      486   483   501   500    66 
	FACE      484   502   501   483 
	FACE       66   500   502   484   485 
	FACE       66   485   486 
	FACE      486   485   484   483 

BLOCK	FACE      494   498   503 
	FACE      487   503   498   480 
	FACE      481    56   488 
	FACE       56   494   503   487   488 
	FACE      481   488   487   480 
	FACE      481   480   498   494    56 

BLOCK	FACE      494   503   505   504   495 
	FACE      488    56   495   504   489 
	FACE      490   505   503   487 
	FACE      504   505   490   489 
	FACE      488   489   490   487 
	FACE       56   494   495 
	FACE      488   487   503   494    56 

BLOCK	FACE      500   506   504   505   501 
	FACE      486   489   504   506    66 
	FACE      506   500    66 
	FACE      501   505   490   483 
	FACE      490   489   486   483 
	FACE       66   500   501   483   486 
	FACE      489   490   505   504 

BLOCK	FACE      497   508   507   499 
	FACE      508   497   120 
	FACE      499   507   491   479 
	FACE      491   507   508   120   477 
	FACE      477   479   491 
	FACE      497   499   479   477   120 

BLOCK	FACE      507   508   509   510 
	FACE      482   120   477 
	FACE      482   492   509   508   120 
	FACE      493   510   509   492 
	FACE      507   510   493   491 
	FACE      491   493   492   482   477 
	FACE      477   120   508   507   491 

BLOCK	FACE      511   512   513 
	FACE      513   512   250 
	FACE      512   511   250 
	FACE      250   511   513 

BLOCK	FACE      514   515   516 
	FACE      514   516   314   115 
	FACE      114   314   516   515 
	FACE      114   515   514   115 
	FACE      114   115   314 

BLOCK	FACE      514   517   518 
	FACE      115   116   117 
	FACE      117   517   514   115 
	FACE      518   517   117   116 
	FACE      115   514   518   116 

BLOCK	FACE      511   513   517   514   516   519 
	FACE      511   519   315   316   250 
	FACE      517   513   250   316   117 
	FACE      314   315   519   516 
	FACE      117   316   315   314   115 
	FACE      513   511   250 
	FACE      115   314   516   514 
	FACE      115   514   517   117 

BLOCK	FACE      511   519   520 
	FACE      250   511   520   252   253 
	FACE      250   253   317   316 
	FACE      318   317   253   252 
	FACE      315   318   252   520   519 
	FACE      316   317   318   315 
	FACE      250   316   315   519   511 

BLOCK	FACE      514   518   522   521   515 
	FACE      123   122   116   115   114 
	FACE      114   515   521   123 
	FACE      122   123   521   522 
	FACE      122   522   518   116 
	FACE      115   514   515   114 
	FACE      116   518   514   115 

BLOCK	FACE      511   520   523   524   512 
	FACE      512   524   253   250 
	FACE      253   524   523   252 
	FACE      523   520   252 
	FACE      250   511   512 
	FACE      253   252   520   511   250 

BLOCK	FACE      525   527   528   526 
	FACE       27   528   527   247   246 
	FACE       27   526   528 
	FACE       27   246   245   525   526 
	FACE      247   527   525   245 
	FACE      245   246   247 

BLOCK	FACE      527   530   531   529 
	FACE      249   530   527   247 
	FACE      531   530   249   248    58 
	FACE       58   529   531 
	FACE      247   527   529    58   248 
	FACE      247   248   249 

BLOCK	FACE      525   533   532   530   527 
	FACE      247   249   513   511   251   245 
	FACE      511   512   532   533   251 
	FACE      530   532   512   513   249 
	FACE      245   251   533   525 
	FACE      513   512   511 
	FACE      245   525   527   247 
	FACE      247   527   530   249 

BLOCK	FACE      529   528   527 
	FACE      246    27   255 
	FACE       27   528   529    58   254   255 
	FACE      254    58   248 
	FACE      255   254   248   247   246 
	FACE      246   247   527   528    27 
	FACE      248    58   529   527   247 

BLOCK	FACE      536   535   534 
	FACE       54   535   536 
	FACE      536   534    54 
	FACE       54   534   535 

BLOCK	FACE      532   533   535   536   537 
	FACE      520   523    54   535   533   251 
	FACE      523   524   537   536    54 
	FACE      532   537   524   512 
	FACE      520   251   511 
	FACE      512   524   523   520   511 
	FACE      251   533   532   512   511 
	FACE      536   535    54 

BLOCK	FACE      540   539   538 
	FACE       55   527   525    60 
	FACE      525   533    61    60 
	FACE       28    55    60    61   539   540 
	FACE       28   540   538   532   530 
	FACE      527    55    28   530 
	FACE      533   532   538   539    61 
	FACE      527   530   532   533   525 

BLOCK	FACE      541   542   543 
	FACE      543   542   256 
	FACE      542   541   256 
	FACE      256   541   543 

BLOCK	FACE      543   544   545 
	FACE      256   258   259   544   543 
	FACE      256   535   534   258 
	FACE      259   258   534   536    51 
	FACE      545   544   259    51 
	FACE       51   536   535   256   543   545 
	FACE      534   535   536 

BLOCK	FACE      538   539   546   541   543   545 
	FACE      538   545    51   537   532 
	FACE      546   539    61 
	FACE      537    51   536 
	FACE      533   535   256   541   546    61 
	FACE      537   536   535   533   532 
	FACE       61   539   538   532   533 
	FACE      543   541   256 
	FACE      545   543   256   535   536    51 

BLOCK	FACE      549   548   547 
	FACE       50   548   549 
	FACE       50   547   548 
	FACE      549   547    50 

BLOCK	FACE      542   548   549   550   544   543 
	FACE       50   548   542   256   258 
	FACE      258   259   550   549    50 
	FACE      259   544   550 
	FACE      256   542   543 
	FACE      543   544   259   258   256 
	FACE      549   548    50 

BLOCK	FACE      551   552   553   554 
	FACE      263   551   554   267   262 
	FACE       47   552   551   263    43 
	FACE      262   267   547   549    47    43 
	FACE      267   554   553   548   547 
	FACE       47   549   548   553   552 
	FACE      263   262    43 
	FACE      547   548   549 

BLOCK	FACE      552   555   556   553 
	FACE      257   543   542    53    52 
	FACE      257    52   555   552    47   550   544 
	FACE       52    53   556   555 
	FACE      550    47   549 
	FACE      542   548   553   556    53 
	FACE      543   257   544 
	FACE      543   544   550   549   548   542 
	FACE      552   553   548   549    47 

BLOCK	FACE      551   554   558   557 
	FACE      262   263   271   270    46 
	FACE      551   557   271   263 
	FACE      262    46   267 
	FACE       46   270   558   554   267 
	FACE      271   557   558   270 
	FACE      262   267   554   551   263 

BLOCK	FACE      559   561   562   560 
	FACE      271   273   272   270 
	FACE      270   562   561   271 
	FACE      561   559   273   271 
	FACE      273   559   560   272 
	FACE      270   272   560   562 

BLOCK	FACE      557   558   562   561 
	FACE      270   562   558 
	FACE      557   561   271 
	FACE      270   558   557   271 
	FACE      271   561   562   270 

BLOCK	FACE      563   565   566   564 
	FACE      560   564   566   562 
	FACE      563   564   560   559 
	FACE      561   565   563   559 
	FACE      561   562   566   565 
	FACE      560   562   561   559 

BLOCK	FACE      565   567   568   566 
	FACE      275   567   565   561   557 
	FACE      274   568   567   275 
	FACE      558   562   566   568   274 
	FACE      275   557   558   274 
	FACE      561   562   558   557 
	FACE      565   566   562   561 

BLOCK	FACE      580   584   585   592   579 
	FACE      585   584   281 
	FACE      592   572   579 
	FACE      281   571   572   592   585 
	FACE      580   571   281   584 
	FACE      571   580   579   572 

BLOCK	FACE      592   593   586   579 
	FACE      579   572   592 
	FACE      593   574   586 
	FACE      572   574   593   592 
	FACE      579   586   574   572 

BLOCK	FACE      589   595   594   588 
	FACE      578   594   595   575 
	FACE      594   578   588 
	FACE      589   575   595 
	FACE      575   589   588   578 

BLOCK	FACE      593   595   589   586 
	FACE      595   575   589 
	FACE      586   574   593 
	FACE      574   575   595   593 
	FACE      586   589   575   574 

BLOCK	FACE      579   580   582   581 
	FACE      570   579   581 
	FACE      582   580   569 
	FACE      569   570   581   582 
	FACE      580   579   570   569 

BLOCK	FACE      583   584   585 
	FACE      566   565   277   276 
	FACE      566   276   280   568 
	FACE      280   584   583   567   568 
	FACE      567   583   585   277   565 
	FACE      277   585   584   280   276 
	FACE      566   568   567   565 

BLOCK	FACE      579   581   587   586 
	FACE      573   586   587 
	FACE      570   573   587   581 
	FACE      579   586   573   570 
	FACE      581   579   570 

BLOCK	FACE      588   589   590   591 
	FACE      577   588   591 
	FACE      576   577   591   590 
	FACE      590   589   576 
	FACE      589   588   577   576 

BLOCK	FACE      586   587   590   589 
	FACE      573   576   590   587 
	FACE      586   589   576   573 
	FACE      587   586   573 
	FACE      576   589   590 

BLOCK	FACE      579   592   585   584   580 
	FACE      277   592   579   570   276 
	FACE      277   585   592 
	FACE      280   569   580   584 
	FACE      276   570   569   280 
	FACE      569   570   579   580 
	FACE      276   280   584   585   277 

BLOCK	FACE      579   586   593   592 
	FACE      282   284   593   586   573 
	FACE      592   593   284   279   277 
	FACE      279   284   282   278 
	FACE      276   278   282   573   570 
	FACE      277   279   278   276 
	FACE      570   573   586   579 
	FACE      276   570   579   592   277 

BLOCK	FACE      588   594   595   589 
	FACE      595   594    38 
	FACE      594   588   577    40    38 
	FACE      577   576    40 
	FACE       38    40   576   589   595 
	FACE      576   577   588   589 

BLOCK	FACE      586   589   595   593 
	FACE       40   576   573   282 
	FACE       40   282   284    38 
	FACE      284   593   595    38 
	FACE      573   576   589   586 
	FACE      573   586   593   284   282 
	FACE      595   589   576    40    38 

BLOCK	FACE      596   597   599   598 
	FACE      294   598   599   291 
	FACE      293   596   598   294 
	FACE       42   597   596   293   292 
	FACE      290    42   292 
	FACE      291   599   597    42   290 
	FACE      292   293   294   291   290 

BLOCK	FACE      600   602   603   601 
	FACE      287   288   289   286 
	FACE       18    36   286   289 
	FACE      289   288   600   601    18 
	FACE       18   601   603    36 
	FACE      602   600   288   287 
	FACE       36   603   602   287   286 

BLOCK	FACE      597   603   602   599 
	FACE      290   291   287   286 
	FACE      291   599   602   287 
	FACE       36   603   597    42 
	FACE      286    36    42   290 
	FACE      290    42   597   599   291 
	FACE      286   287   602   603    36 

BLOCK	FACE      604   605   607   606 
	FACE      304   606   607   303 
	FACE      607   605   303 
	FACE      304   604   606 
	FACE      605   604   304   303 

BLOCK	FACE      608   610   611   609 
	FACE      297   298   609   611 
	FACE      602   603   610   608 
	FACE      600   602   608   609   298 
	FACE      297   611   610   603   601 
	FACE      601   600   298   297 
	FACE      601   603   602   600 

BLOCK	FACE      608   612   613   610 
	FACE       39   599   597    41 
	FACE      597   603   610   613    41 
	FACE       39    41   613   612 
	FACE       39   612   608   602   599 
	FACE      599   602   603   597 
	FACE      608   610   603   602 

BLOCK	FACE      604   614   615   605 
	FACE       30    31   615   614 
	FACE      304   303    31    30 
	FACE       31   303   605   615 
	FACE      614   604   304    30 
	FACE      303   304   604   605 

BLOCK	FACE      609   611   615   614 
	FACE      298   609   614    30 
	FACE       31   615   611   297 
	FACE       31   297   298    30 
	FACE      611   609   298   297 
	FACE      614   615    31    30 

BLOCK	FACE      616   617   618 
	FACE      302   604   605   301 
	FACE      606   604   302   616   618     7 
	FACE        7   618   617   301   605   607 
	FACE      607   606     7 
	FACE      301   617   616   302 
	FACE      606   607   605   604 

BLOCK	FACE      616   619   620   617 
	FACE      306   619   616   302 
	FACE      305   620   619   306 
	FACE      301   617   620   305 
	FACE      305   306   302   301 
	FACE      302   616   617   301 

